    0.119705901413797722E+00    0.674737328607883491E+00    0.254729548066759944E+09   1
    0.119702974881037316E+00    0.674750109124729325E+00    0.254729548067663699E+09   1
    0.119707804547057997E+00    0.674759170419953258E+00    0.254729548073947519E+09   1
    0.119706634119926714E+00    0.674746247311501346E+00    0.254729548071467876E+09   1
    0.119704905069253728E+00    0.674769428322701481E+00    0.254729548074287385E+09   1
    0.119696750007969352E+00    0.674774369853043177E+00    0.254729548068034500E+09   1
    0.119706199283108425E+00    0.674765108389504653E+00    0.254729548074106634E+09   1
    0.119698213029621886E+00    0.674779038431933653E+00    0.254729548072280347E+09   1
    0.119701174721178194E+00    0.674764602405470870E+00    0.254729548071052611E+09   1
    0.119703580433938958E+00    0.674778449788755341E+00    0.254729548074517637E+09   1
    0.119701440455391300E+00    0.674771196143899910E+00    0.254729548073350579E+09   1
    0.119701536738630432E+00    0.674765895186421050E+00    0.254729548071938843E+09   1
    0.119701604760066874E+00    0.674771694641507991E+00    0.254729548073554367E+09   1
    0.119702953505162038E+00    0.674759248197572936E+00    0.254729548071450263E+09   1
    0.119705905978981578E+00    0.674763132324119996E+00    0.254729548074136943E+09   1
    0.119701813431752319E+00    0.674760131452487921E+00    0.254729548070213079E+09   1
    0.119701703634291223E+00    0.674785423899339487E+00    0.254729548074808061E+09   1
    0.119705544490193758E+00    0.674782200789857289E+00    0.254729548072446406E+09   1
    0.119705369484379126E+00    0.674791904773166196E+00    0.254729548069431722E+09   1
    0.119707016427104226E+00    0.674782626336022484E+00    0.254729548070173532E+09   1
    0.119707562946680612E+00    0.674773103380770789E+00    0.254729548072355419E+09   1
    0.119694107819982715E+00    0.674812740679580636E+00    0.254729548075549394E+09   1
    0.119701133011769587E+00    0.674808279793978616E+00    0.254729548070372254E+09   1
    0.119693258387152626E+00    0.674814356867564635E+00    0.254729548075525224E+09   1
    0.119694589166474935E+00    0.674823566780958117E+00    0.254729548074283838E+09   1
    0.119700014254115278E+00    0.674810365466769646E+00    0.254729548071356654E+09   1
    0.119694108774345304E+00    0.674817903193731472E+00    0.254729548075375915E+09   1
    0.119692979285798556E+00    0.674815166208186601E+00    0.254729548075513691E+09   1
    0.119695674768863974E+00    0.674812193418429018E+00    0.254729548075256199E+09   1
    0.119699392559163231E+00    0.674788382323118663E+00    0.254729548074925125E+09   1
    0.119699844448669254E+00    0.674818848976715402E+00    0.254729548068029642E+09   1
    0.119699374688586949E+00    0.674802932636819341E+00    0.254729548074138820E+09   1
    0.119698576371488785E+00    0.674815237666432921E+00    0.254729548071825147E+09   1
    0.119693790696037916E+00    0.674825178995283048E+00    0.254729548074614048E+09   1
    0.119695520204853162E+00    0.674829926811414516E+00    0.254729548071201026E+09   1
    0.119697820629264484E+00    0.674796319258059052E+00    0.254729548075232685E+09   1
    0.119695556339157946E+00    0.674783780969226532E+00    0.254729548070268959E+09   1
    0.119696940846000494E+00    0.674786753872873124E+00    0.254729548073154807E+09   1
    0.119697787064313180E+00    0.674819184194669686E+00    0.254729548071683913E+09   1
    0.119689459897896852E+00    0.674799712869301516E+00    0.254729548066281170E+09   1
    0.119692541458219448E+00    0.674804010487639938E+00    0.254729548073414624E+09   1
    0.119687743008294489E+00    0.674863557758607402E+00    0.254729548070369929E+09   1
    0.119690210544887710E+00    0.674829302219717708E+00    0.254729548075643003E+09   1
    0.119680010733157649E+00    0.674901242322437755E+00    0.254729548066494316E+09   1
    0.119692256809771524E+00    0.674834295801698514E+00    0.254729548074064255E+09   1
    0.119685933004430783E+00    0.674830168869854252E+00    0.254729548073298395E+09   1
    0.119687414693311650E+00    0.674808955169175384E+00    0.254729548066889554E+09   1
    0.119683137468178907E+00    0.674857950134023943E+00    0.254729548075407356E+09   1
    0.119688760421974710E+00    0.674817419981726174E+00    0.254729548072942197E+09   1
    0.119683864057385042E+00    0.674868675588556677E+00    0.254729548073704451E+09   1
    0.119685937878404813E+00    0.674866303587114191E+00    0.254729548072000176E+09   1
    0.119682354989182740E+00    0.674841629557624612E+00    0.254729548072203308E+09   1
    0.119686084682516528E+00    0.674823146661037154E+00    0.254729548071099043E+09   1
    0.119685817172301159E+00    0.674829779968798560E+00    0.254729548073033392E+09   1
    0.119679355907688967E+00    0.674870068281574254E+00    0.254729548075030327E+09   1
    0.119677489219611993E+00    0.674898312356681851E+00    0.254729548071939707E+09   1
    0.119683778960818998E+00    0.674872604516906782E+00    0.254729548072674841E+09   1
    0.119684673642011380E+00    0.674817595885251476E+00    0.254729548065448076E+09   1
    0.119685365620335743E+00    0.674817586363959721E+00    0.254729548067072451E+09   1
    0.119680190962323255E+00    0.674847954034958231E+00    0.254729548071169078E+09   1
    0.119687224310791665E+00    0.674869237065701788E+00    0.254729548068657160E+09   1
    0.119688078603596884E+00    0.674867030962156500E+00    0.254729548068074048E+09   1
    0.119682387605410986E+00    0.674867882059661084E+00    0.254729548074847966E+09   1
    0.119679294688164087E+00    0.674888381420139960E+00    0.254729548072997510E+09   1
    0.119680800905630616E+00    0.674833450941227486E+00    0.254729548065405637E+09   1
    0.119678820058114491E+00    0.674874555794109376E+00    0.254729548075048327E+09   1
    0.119684288764340452E+00    0.674828507334792160E+00    0.254729548070267767E+09   1
    0.119676858189773666E+00    0.674859372980925354E+00    0.254729548070050657E+09   1
    0.119681435569680014E+00    0.674831769986254493E+00    0.254729548065949351E+09   1
    0.119683569326081221E+00    0.674843545293447589E+00    0.254729548074162662E+09   1
    0.119676317555569456E+00    0.674887403032665700E+00    0.254729548074660033E+09   1
    0.119691799807529226E+00    0.674824227775472352E+00    0.254729548075604320E+09   1
    0.119685188387585476E+00    0.674863435097700526E+00    0.254729548073757738E+09   1
    0.119677553162269731E+00    0.674881235449211414E+00    0.254729548074896514E+09   1
    0.119683361166785601E+00    0.674827025143175496E+00    0.254729548067724347E+09   1
    0.119692636730248270E+00    0.674847361123675826E+00    0.254729548068813413E+09   1
    0.119673676270984006E+00    0.674867114693606940E+00    0.254729548067332059E+09   1
    0.119682583965625339E+00    0.674864935783230036E+00    0.254729548075136006E+09   1
    0.119653431198673582E+00    0.674957623050265187E+00    0.254729548065863758E+09   1
    0.119653056057715174E+00    0.674983506605068784E+00    0.254729548068532288E+09   1
    0.119653895306431696E+00    0.674990456287984486E+00    0.254729548066858768E+09   1
    0.119649230282580621E+00    0.674978056887188482E+00    0.254729548065323323E+09   1
    0.119651206104238919E+00    0.674972770963076951E+00    0.254729548066745400E+09   1
    0.119650507999779304E+00    0.674972134093526410E+00    0.254729548065605432E+09   1
    0.119647075903592484E+00    0.674991163828961849E+00    0.254729548065410197E+09   1
    0.119649869028281230E+00    0.674991106565427157E+00    0.254729548067581743E+09   1
    0.119648722915150482E+00    0.675005695255771143E+00    0.254729548066102743E+09   1
    0.119653997291517017E+00    0.674990410005088859E+00    0.254729548066781551E+09   1
    0.119645976513439695E+00    0.674998148959859212E+00    0.254729548065336168E+09   1
    0.119655574437562182E+00    0.674974142283624845E+00    0.254729548069374084E+09   1
    0.119656281100028336E+00    0.674972708153395828E+00    0.254729548069439858E+09   1
    0.119649990233294284E+00    0.674974670721200209E+00    0.254729548065536261E+09   1
    0.119656632653847267E+00    0.674949553998419938E+00    0.254729548068375200E+09   1
    0.119660012344567870E+00    0.674938647331356778E+00    0.254729548070059538E+09   1
    0.119655291764243360E+00    0.674954004139087682E+00    0.254729548067675769E+09   1
    0.119659060488521832E+00    0.674966903147833253E+00    0.254729548069366634E+09   1
    0.119659991575964894E+00    0.674949481285804564E+00    0.254729548071181804E+09   1
    0.119659181909835530E+00    0.674956297317758636E+00    0.254729548070856899E+09   1
    0.119663687237416411E+00    0.674934793474007977E+00    0.254729548072234154E+09   1
    0.119659957947164233E+00    0.674942156954145278E+00    0.254729548070606291E+09   1
    0.119662014609714748E+00    0.674956127418058327E+00    0.254729548069982260E+09   1
    0.119662443990867992E+00    0.674965188985994669E+00    0.254729548066377610E+09   1
    0.119661783494913576E+00    0.674963784700458924E+00    0.254729548067837745E+09   1
    0.119655699827343850E+00    0.674950489119994890E+00    0.254729548067291081E+09   1
    0.119655328089186871E+00    0.674950918371432729E+00    0.254729548066831261E+09   1
    0.119657570291957435E+00    0.674958483149295740E+00    0.254729548070393592E+09   1
    0.119663200952806373E+00    0.674929372640729053E+00    0.254729548071560174E+09   1
    0.119659708773363641E+00    0.674952715355929378E+00    0.254729548071074009E+09   1
    0.119658664463283798E+00    0.674938862258505079E+00    0.254729548068366617E+09   1
    0.119658504927896606E+00    0.674962968639000516E+00    0.254729548070291132E+09   1
    0.119661980089911663E+00    0.674968953354749934E+00    0.254729548065366656E+09   1
    0.119658006002897041E+00    0.674970095495480260E+00    0.254729548069261283E+09   1
    0.119663570449511258E+00    0.674916965886368736E+00    0.254729548069096714E+09   1
    0.119667986734932105E+00    0.674916102870745216E+00    0.254729548073239416E+09   1
    0.119671693777386956E+00    0.674907122596753228E+00    0.254729548073862374E+09   1
    0.119668961897195128E+00    0.674903892241136116E+00    0.254729548072555035E+09   1
    0.119665256779178261E+00    0.674927680413789921E+00    0.254729548072619915E+09   1
    0.119667319117958956E+00    0.674899643755485723E+00    0.254729548069195390E+09   1
    0.119666158046526555E+00    0.674908247984573495E+00    0.254729548070266008E+09   1
    0.119665304454305690E+00    0.674914597904932356E+00    0.254729548070869714E+09   1
    0.119668591268697638E+00    0.674905301771732691E+00    0.254729548072457790E+09   1
    0.119670290821696126E+00    0.674880903917695729E+00    0.254729548066857874E+09   1
    0.119668502700494561E+00    0.674889008858497230E+00    0.254729548066947043E+09   1
    0.119671870361661326E+00    0.674879891951117306E+00    0.254729548069513381E+09   1
    0.119671853432689795E+00    0.674875826133283230E+00    0.254729548067714393E+09   1
    0.119676657994220101E+00    0.674906782810493544E+00    0.254729548069903523E+09   1
    0.119666283605640050E+00    0.674937109781781897E+00    0.254729548071534008E+09   1
    0.119669736146229319E+00    0.674931735662839927E+00    0.254729548069817632E+09   1
    0.119670308297562769E+00    0.674919052711478118E+00    0.254729548072814435E+09   1
    0.119675123068300193E+00    0.674918448875420740E+00    0.254729548067127019E+09   1
    0.119672606053977421E+00    0.674920482800519528E+00    0.254729548070276409E+09   1
    0.119670357007320649E+00    0.674919103545913668E+00    0.254729548072776318E+09   1
    0.119673407608567234E+00    0.674909451871912869E+00    0.254729548072800219E+09   1
    0.119693991418646645E+00    0.674833458898924876E+00    0.254729548072213113E+09   1
    0.119703447573251784E+00    0.674779954238518553E+00    0.254729548074463964E+09   1
    0.119693350507146051E+00    0.674837591753777111E+00    0.254729548071655273E+09   1
    0.119706969737448141E+00    0.674788374457794382E+00    0.254729548067984998E+09   1
    0.119686019611455155E+00    0.674873561020666091E+00    0.254729548068856388E+09   1
    0.119664343435779030E+00    0.674957104661951912E+00    0.254729548067100048E+09   1
    0.119658057766617754E+00    0.674934764011822508E+00    0.254729548065888584E+09   1
    0.119679843360702906E+00    0.674865117294878858E+00    0.254729548074864894E+09   1
    0.119676551899006139E+00    0.674889763662302800E+00    0.254729548074448675E+09   1
    0.119694933078295748E+00    0.674808903236212010E+00    0.254729548075470716E+09   1
    0.119644605891507438E+00    0.675012059627080774E+00    0.254729548065292835E+09   1
    0.119701495746514203E+00    0.674795248887121835E+00    0.254729548073727548E+09   1
    0.119684227244380256E+00    0.674820628869776118E+00    0.254729548066152006E+09   1
    0.119665545201519702E+00    0.674949393581740664E+00    0.254729548068583667E+09   1
    0.119664999491979132E+00    0.674947752019744329E+00    0.254729548069789827E+09   1
    0.119704404753465818E+00    0.674760583419350302E+00    0.254729548073240757E+09   1
    0.119657790614253190E+00    0.674970217724498056E+00    0.254729548069344580E+09   1
    0.119678185829094577E+00    0.674909293841071345E+00    0.254729548065873355E+09   1
    0.119675738812990401E+00    0.674905167820125329E+00    0.254729548071785301E+09   1
    0.119684438585354491E+00    0.674868183086068885E+00    0.254729548073259354E+09   1
    0.119675481672701145E+00    0.674884555113719919E+00    0.254729548074485987E+09   1
    0.119677406221616267E+00    0.674885163337781258E+00    0.254729548074687213E+09   1
    0.119704019565499267E+00    0.674752839777661206E+00    0.254729548070488870E+09   1
    0.119679500393537475E+00    0.674858163190172444E+00    0.254729548073430717E+09   1
    0.119686763283252839E+00    0.674860223933614001E+00    0.254729548072969466E+09   1
    0.119683099378176991E+00    0.674827742761855975E+00    0.254729548067533374E+09   1
    0.119693922548302981E+00    0.674797218982821523E+00    0.254729548072946370E+09   1
    0.119704970692336210E+00    0.674776853619600159E+00    0.254729548073959529E+09   1
    0.119677804072836541E+00    0.674892697388725815E+00    0.254729548073243886E+09   1
    0.119674670252424120E+00    0.674883712403292813E+00    0.254729548073984325E+09   1
    0.119660274813993314E+00    0.674949836253750379E+00    0.254729548071267575E+09   1
    0.119695618501276496E+00    0.674802483206957682E+00    0.254729548075231582E+09   1
    0.119683762749987044E+00    0.674869921211910251E+00    0.254729548073446602E+09   1
    0.119705656431418672E+00    0.674754077095826466E+00    0.254729548072704673E+09   1
    0.119695891348714570E+00    0.674838246897568439E+00    0.254729548066479564E+09   1
    0.119700541942518085E+00    0.674783081741530899E+00    0.254729548074806869E+09   1
    0.119704139544630161E+00    0.674781785997470407E+00    0.254729548073894680E+09   1
    0.119692374701778181E+00    0.674797727333204089E+00    0.254729548071006775E+09   1
    0.119687349742602020E+00    0.674851899802839883E+00    0.254729548074532002E+09   1
    0.119695917574068028E+00    0.674798748360759482E+00    0.254729548074905723E+09   1
    0.119650495023532671E+00    0.674987795307686933E+00    0.254729548067831218E+09   1
    0.119704081318495748E+00    0.674752039848150909E+00    0.254729548070312738E+09   1
    0.119699193739067664E+00    0.674810194686573772E+00    0.254729548072571158E+09   1
    0.119693585305274908E+00    0.674826256871718155E+00    0.254729548074563026E+09   1
    0.119669933828225827E+00    0.674883938387448312E+00    0.254729548067549914E+09   1
    0.119688237706111450E+00    0.674817000204635087E+00    0.254729548072082520E+09   1
    0.119660351320910588E+00    0.674946303743822140E+00    0.254729548071249515E+09   1
    0.119701018363847389E+00    0.674816812455256709E+00    0.254729548066477358E+09   1
    0.119694255455672652E+00    0.674840746211420428E+00    0.254729548068707913E+09   1
    0.119657674020716115E+00    0.674973130115345654E+00    0.254729548068745583E+09   1
    0.119670167694151175E+00    0.674921725912143944E+00    0.254729548072374105E+09   1
    0.119691956099285096E+00    0.674805098873725195E+00    0.254729548073062778E+09   1
    0.119695998657842306E+00    0.674826517978665330E+00    0.254729548071708798E+09   1
    0.119674934322121576E+00    0.674870567787661635E+00    0.254729548071117043E+09   1
    0.119674302674281793E+00    0.674903975107071674E+00    0.254729548073329896E+09   1
    0.119691081806985844E+00    0.674821453005875704E+00    0.254729548075456947E+09   1
    0.119685899588872491E+00    0.674830547678427650E+00    0.254729548073349535E+09   1
    0.119680958930550141E+00    0.674854064804084053E+00    0.254729548073956668E+09   1
    0.119689623194540143E+00    0.674809458668848783E+00    0.254729548071344107E+09   1
    0.119694282516824568E+00    0.674842313801449212E+00    0.254729548067887038E+09   1
    0.119692888324767183E+00    0.674819292307669794E+00    0.254729548075567961E+09   1
    0.119705205730064046E+00    0.674790139253521493E+00    0.254729548070476443E+09   1
    0.119650319811569691E+00    0.674980607934561827E+00    0.254729548067179590E+09   1
    0.119669247894791803E+00    0.674930072306404338E+00    0.254729548070948899E+09   1
    0.119686022432812122E+00    0.674820464321784885E+00    0.254729548069862843E+09   1
    0.119683226497931575E+00    0.674851128604002426E+00    0.254729548075121820E+09   1
    0.119657302200764606E+00    0.674957242936275015E+00    0.254729548070214748E+09   1
