    0.118749415702209898E+00    0.678735043433522534E+00    0.254729542341058552E+09
    0.118795541833703791E+00    0.678212244570998712E+00    0.254729542432431191E+09
    0.120457939834558228E+00    0.671360620463725910E+00    0.254729542741391838E+09
    0.118794299380183752E+00    0.678468647954121984E+00    0.254729542906239867E+09
    0.118807878710392931E+00    0.678415333485584249E+00    0.254729543046430498E+09
    0.118988453613177614E+00    0.678109092385848600E+00    0.254729543284010589E+09
    0.119982606053352356E+00    0.672976233959198034E+00    0.254729543408876449E+09
    0.120039158252596714E+00    0.674082765537158957E+00    0.254729543457741916E+09
    0.119153029837952923E+00    0.677551250156076645E+00    0.254729543514293522E+09
    0.120191123068332670E+00    0.672254602909088117E+00    0.254729543576113790E+09
    0.119901283839495498E+00    0.673300082735541428E+00    0.254729543659524739E+09
    0.119081177317107240E+00    0.677760097034886488E+00    0.254729543772998393E+09
    0.118933737474936921E+00    0.678153617390574781E+00    0.254729543801392198E+09
    0.119002258509397496E+00    0.677995612621307364E+00    0.254729543822647482E+09
    0.120460713630538854E+00    0.671830768119342836E+00    0.254729543992705882E+09
    0.120442931025615610E+00    0.671928889837030363E+00    0.254729544097179145E+09
    0.119054040447787890E+00    0.677802255361505512E+00    0.254729544102977902E+09
    0.120220699345564688E+00    0.673184473973373665E+00    0.254729544151634395E+09
    0.119920144974684242E+00    0.673276537537117470E+00    0.254729544197858572E+09
    0.120110279535857928E+00    0.673685040463628759E+00    0.254729544200578481E+09
    0.118916370691875259E+00    0.677992388106576804E+00    0.254729544270371914E+09
    0.120432073749464699E+00    0.671792516753508373E+00    0.254729544286042988E+09
    0.119953477395039629E+00    0.673166646397279411E+00    0.254729544349230468E+09
    0.119405366428000953E+00    0.675372513369065786E+00    0.254729544394385189E+09
    0.118947644273521155E+00    0.677707319143278086E+00    0.254729544427082866E+09
    0.119840608031156523E+00    0.673596852977121574E+00    0.254729544427647322E+09
    0.120216553688049316E+00    0.672278184890747088E+00    0.254729544538895130E+09
    0.118981973362479967E+00    0.677519345472589518E+00    0.254729544587789893E+09
    0.118955655244101927E+00    0.677748431260673967E+00    0.254729544603798270E+09
    0.119715469000864841E+00    0.675345684983035821E+00    0.254729544627503902E+09
    0.120391579573126364E+00    0.671889451762246459E+00    0.254729544704768240E+09
    0.119700686428229147E+00    0.674173596929569352E+00    0.254729544735090107E+09
    0.119679176729484818E+00    0.674259588755026562E+00    0.254729544735380262E+09
    0.119259337967525150E+00    0.676071828308153711E+00    0.254729544782075703E+09
    0.118976059247010033E+00    0.677723740397531693E+00    0.254729544795607954E+09
    0.118976916253268880E+00    0.677686681176443595E+00    0.254729544797616869E+09
    0.119022365684846032E+00    0.677763435472998332E+00    0.254729544819734603E+09
    0.119459560923394076E+00    0.676327717068124334E+00    0.254729544873735189E+09
    0.119116776016796044E+00    0.676786886129073006E+00    0.254729544877622426E+09
    0.119305153953424378E+00    0.675874743021170121E+00    0.254729544877836347E+09
    0.119281250061553115E+00    0.675984752348394724E+00    0.254729544895077974E+09
    0.119951028210098176E+00    0.674327548510270880E+00    0.254729544910121024E+09
    0.120378999055487490E+00    0.672106871866790190E+00    0.254729544942433536E+09
    0.119027187568829948E+00    0.677700721595062006E+00    0.254729545023995608E+09
    0.120364400398816102E+00    0.672068442672687061E+00    0.254729545039720863E+09
    0.120245887880099850E+00    0.672900972589601576E+00    0.254729545091973752E+09
    0.119654556710499502E+00    0.675551064402750812E+00    0.254729545097800821E+09
    0.119468675686282347E+00    0.676269323291910252E+00    0.254729545113269806E+09
    0.119296616099947059E+00    0.676888660009239196E+00    0.254729545126604140E+09
    0.119009716963946147E+00    0.677471217738761733E+00    0.254729545142039537E+09
    0.119777873653101288E+00    0.673906451566712472E+00    0.254729545145877659E+09
    0.119054454838635332E+00    0.677202230847583464E+00    0.254729545244572371E+09
    0.119037006684860600E+00    0.677608464036847713E+00    0.254729545255604386E+09
    0.119305432731181049E+00    0.676840430085573930E+00    0.254729545272051156E+09
    0.120191014163135323E+00    0.672464019057194107E+00    0.254729545285191625E+09
    0.119727856992795201E+00    0.675231363989516997E+00    0.254729545297099620E+09
    0.120248243368290805E+00    0.672299581304900529E+00    0.254729545297580630E+09
    0.119551287148800034E+00    0.674836387433917495E+00    0.254729545308880031E+09
    0.119101143274254292E+00    0.676956193985534194E+00    0.254729545344897538E+09
    0.119512811677193784E+00    0.676075342875702479E+00    0.254729545368790418E+09
    0.120322803356115254E+00    0.672301302176317450E+00    0.254729545383146048E+09
    0.119904916656474694E+00    0.674473413245074371E+00    0.254729545399985224E+09
    0.119495011342945059E+00    0.675090290597433529E+00    0.254729545403046668E+09
    0.119303389334524806E+00    0.675948576605078122E+00    0.254729545428522319E+09
    0.119062088958151402E+00    0.677509553331333780E+00    0.254729545432070464E+09
    0.119036860451772503E+00    0.677483831210241583E+00    0.254729545436743021E+09
    0.119682340857882416E+00    0.675405502636949207E+00    0.254729545445500344E+09
    0.119494397495550020E+00    0.675100637402217485E+00    0.254729545473676413E+09
    0.120303059657914171E+00    0.672296650350024616E+00    0.254729545479240298E+09
    0.120252489216069569E+00    0.672326522114310210E+00    0.254729545481569469E+09
    0.120047010982892929E+00    0.673840295421432978E+00    0.254729545484447122E+09
    0.120250849552321154E+00    0.672335461705370618E+00    0.254729545503130734E+09
    0.119532274592624679E+00    0.675984903998489539E+00    0.254729545519746691E+09
    0.119918296010458295E+00    0.674401629135212399E+00    0.254729545528677762E+09
    0.119547509375266467E+00    0.675923046569253616E+00    0.254729545550996602E+09
    0.119070920797968827E+00    0.677450554351352152E+00    0.254729545551384985E+09
    0.120208471210608708E+00    0.673038168473038101E+00    0.254729545560746610E+09
    0.119960416570188522E+00    0.673271173884434915E+00    0.254729545587425023E+09
    0.120254324294267578E+00    0.672737175263948495E+00    0.254729545594128847E+09
    0.119857438582613551E+00    0.674663224307189724E+00    0.254729545608737707E+09
    0.120103518435835457E+00    0.673542831256044305E+00    0.254729545618170947E+09
    0.119178462413314118E+00    0.676601207914680147E+00    0.254729545619897664E+09
    0.120283759791981346E+00    0.672493622459400142E+00    0.254729545643718600E+09
    0.120281043548773045E+00    0.672411559414172744E+00    0.254729545663035154E+09
    0.120281721085009494E+00    0.672475771366469521E+00    0.254729545673999846E+09
    0.120242382529377981E+00    0.672783606972667036E+00    0.254729545676525563E+09
    0.119070753068130405E+00    0.677309966922882034E+00    0.254729545684444427E+09
    0.119244079280070539E+00    0.676987306998033334E+00    0.254729545706594408E+09
    0.120021432586667837E+00    0.673926112145910361E+00    0.254729545712730795E+09
    0.120064207411329435E+00    0.673707352670968262E+00    0.254729545747349948E+09
    0.120098882120879547E+00    0.673541916154798748E+00    0.254729545766817987E+09
    0.120085908682838360E+00    0.673600994045799650E+00    0.254729545780885369E+09
    0.120143559256568930E+00    0.673323318607237375E+00    0.254729545782751292E+09
    0.119480066214794636E+00    0.675202145655898311E+00    0.254729545828347474E+09
    0.119472503655920367E+00    0.676174052527923508E+00    0.254729545842923462E+09
    0.119769008821735204E+00    0.675004771999278552E+00    0.254729545843541622E+09
    0.119769008821735204E+00    0.675004771999278552E+00    0.254729545843541622E+09
    0.119105920740706153E+00    0.677280518987848912E+00    0.254729545849472642E+09
    0.120177916719470146E+00    0.673133929408927911E+00    0.254729545865434498E+09
    0.119351038070396806E+00    0.675791766910526004E+00    0.254729545885003865E+09
    0.119584824511606680E+00    0.674761813582295367E+00    0.254729545900547028E+09
    0.119915167289584484E+00    0.673473050312574428E+00    0.254729545901241302E+09
    0.119416790940279849E+00    0.676370668698449307E+00    0.254729545905676723E+09
    0.119507201794518320E+00    0.676032731367386952E+00    0.254729545940382928E+09
    0.119310594666404701E+00    0.675988205494852834E+00    0.254729545952164710E+09
    0.119422607798266384E+00    0.675467864121858219E+00    0.254729545961078227E+09
    0.120158325650768352E+00    0.673212670173473082E+00    0.254729545972197562E+09
    0.120241265392288688E+00    0.672735137912906622E+00    0.254729545984453589E+09
    0.119711731646815200E+00    0.674258450588334446E+00    0.254729545989685357E+09
    0.119264790794926454E+00    0.676212346884830118E+00    0.254729545990328699E+09
    0.119821382960370759E+00    0.673831981606483277E+00    0.254729545999720246E+09
    0.120215049580405506E+00    0.672895232933654497E+00    0.254729546001591146E+09
    0.120215049580405506E+00    0.672895232933654497E+00    0.254729546001591146E+09
    0.120104663110933804E+00    0.673474127455314875E+00    0.254729546005072534E+09
    0.120104663110933804E+00    0.673474127455314875E+00    0.254729546005072534E+09
    0.119322205292655262E+00    0.676677839686022686E+00    0.254729546039537609E+09
    0.119322205292655262E+00    0.676677839686022686E+00    0.254729546039537609E+09
    0.119252895815235765E+00    0.676901595012184609E+00    0.254729546048525691E+09
    0.119252895815235765E+00    0.676901595012184609E+00    0.254729546048525691E+09
    0.119667017378356985E+00    0.674445936292306647E+00    0.254729546064450622E+09
    0.119558173284791375E+00    0.674893010028699947E+00    0.254729546074605405E+09
    0.120029291887759113E+00    0.673095534569893572E+00    0.254729546080486059E+09
    0.119886099881836669E+00    0.674472739974394719E+00    0.254729546083865970E+09
    0.119277897415373979E+00    0.676167763972670532E+00    0.254729546099756181E+09
    0.119788368345978211E+00    0.673971562994113205E+00    0.254729546110149026E+09
    0.119936589605210753E+00    0.673423510515235857E+00    0.254729546114659220E+09
    0.119151868137133063E+00    0.677110809459813390E+00    0.254729546118451566E+09
    0.119151868137133063E+00    0.677110809459813390E+00    0.254729546118451566E+09
    0.120224699810122918E+00    0.672596757976181570E+00    0.254729546134016663E+09
    0.120224699810122918E+00    0.672596757976181570E+00    0.254729546134016663E+09
    0.119814652064959115E+00    0.673874705583639377E+00    0.254729546139673322E+09
    0.119667335406793529E+00    0.674454142281323943E+00    0.254729546143582970E+09
    0.119248912015845449E+00    0.676320391463179238E+00    0.254729546153976947E+09
    0.119149414730587003E+00    0.676934366838410684E+00    0.254729546154511899E+09
    0.119285889300640463E+00    0.676139215263631854E+00    0.254729546156725138E+09
    0.119154283307366271E+00    0.676899798488769466E+00    0.254729546162366152E+09
    0.120195767287625516E+00    0.672955914254867005E+00    0.254729546162933469E+09
    0.119657578257544195E+00    0.675423112974756656E+00    0.254729546168120921E+09
    0.120101507867724402E+00    0.673458268960148376E+00    0.254729546170235425E+09
    0.120101507867724402E+00    0.673458268960148376E+00    0.254729546170235425E+09
    0.119635309603545875E+00    0.675510703421864145E+00    0.254729546170672625E+09
    0.119966813252932625E+00    0.674105481030905729E+00    0.254729546185118645E+09
    0.119157616227865221E+00    0.677046012878417924E+00    0.254729546218050808E+09
    0.119997794280252201E+00    0.673225383307315517E+00    0.254729546228070974E+09
    0.119225412652406423E+00    0.676458348310203794E+00    0.254729546237032592E+09
    0.119590056084693280E+00    0.674781150214545766E+00    0.254729546240312487E+09
    0.119590056084693280E+00    0.674781150214545766E+00    0.254729546240312487E+09
    0.120191292109489145E+00    0.672684675720558345E+00    0.254729546247493386E+09
    0.120191292109489145E+00    0.672684675720558345E+00    0.254729546247493386E+09
    0.119172459818861307E+00    0.677070263884008927E+00    0.254729546257500499E+09
    0.119172459818861307E+00    0.677070263884008927E+00    0.254729546257500499E+09
    0.119822397647405210E+00    0.674729950074998697E+00    0.254729546280083686E+09
    0.119511910699435814E+00    0.675123957642497996E+00    0.254729546289699674E+09
    0.119554987955562936E+00    0.674933706041230819E+00    0.254729546293456912E+09
    0.119411818543526810E+00    0.675562419366626643E+00    0.254729546300873309E+09
    0.120206147252543805E+00    0.672784501256181611E+00    0.254729546313042492E+09
    0.120065060187484474E+00    0.673018632630328795E+00    0.254729546327424616E+09
    0.120065060187484474E+00    0.673018632630328795E+00    0.254729546327424616E+09
    0.119574655937930818E+00    0.675726482221524205E+00    0.254729546332451016E+09
    0.119952817469633571E+00    0.673399818010915308E+00    0.254729546350643635E+09
    0.120056980579180364E+00    0.673638724094315688E+00    0.254729546360007316E+09
    0.120056980579180364E+00    0.673638724094315688E+00    0.254729546360007316E+09
    0.120021156947208552E+00    0.673830518713174786E+00    0.254729546365410417E+09
    0.120021156947208552E+00    0.673830518713174786E+00    0.254729546365410417E+09
    0.120196792735777644E+00    0.672790767312058446E+00    0.254729546371828407E+09
    0.120106960375567673E+00    0.673387102309472407E+00    0.254729546372731507E+09
    0.119309431117526843E+00    0.676065037960192572E+00    0.254729546373671323E+09
    0.119563104011760943E+00    0.675762791224343129E+00    0.254729546393570334E+09
    0.119305143371097933E+00    0.676090414815113228E+00    0.254729546397023618E+09
    0.119305143371097933E+00    0.676090414815113228E+00    0.254729546397023618E+09
    0.119507822143595427E+00    0.675156881327454217E+00    0.254729546403055996E+09
    0.119507822143595427E+00    0.675156881327454217E+00    0.254729546403055996E+09
    0.119292407569551034E+00    0.676155856455265547E+00    0.254729546411149323E+09
    0.119653834347067556E+00    0.675406989853370110E+00    0.254729546413731158E+09
    0.119816280117912413E+00    0.674736684180581747E+00    0.254729546422346234E+09
    0.119816280117912413E+00    0.674736684180581747E+00    0.254729546422346234E+09
    0.119653667091271995E+00    0.674547143043097153E+00    0.254729546443577886E+09
    0.119288355751209690E+00    0.676712718672303204E+00    0.254729546453830957E+09
    0.119288355751209690E+00    0.676712718672303204E+00    0.254729546453830957E+09
    0.119298309054002682E+00    0.676136196276595158E+00    0.254729546457584769E+09
    0.119298309054002682E+00    0.676136196276595158E+00    0.254729546457584769E+09
    0.119176919520882954E+00    0.676949224871975841E+00    0.254729546471537143E+09
    0.119230111866928307E+00    0.676496781140747627E+00    0.254729546479107946E+09
    0.119243765672731455E+00    0.676425434333501996E+00    0.254729546492348492E+09
    0.119243765672731455E+00    0.676425434333501996E+00    0.254729546492348492E+09
    0.119483880895811148E+00    0.676046121523110499E+00    0.254729546493300855E+09
    0.119483880895811148E+00    0.676046121523110499E+00    0.254729546493300855E+09
    0.119230244793234436E+00    0.676860929748120288E+00    0.254729546504598171E+09
    0.119305136858917693E+00    0.676115878847637686E+00    0.254729546521686375E+09
    0.119305136858917693E+00    0.676115878847637686E+00    0.254729546521686375E+09
    0.119447805310022068E+00    0.676170404025404737E+00    0.254729546537185073E+09
    0.119442415297286442E+00    0.675462013481031742E+00    0.254729546538609505E+09
    0.119442415297286442E+00    0.675462013481031742E+00    0.254729546538609505E+09
    0.119342428269559500E+00    0.676534077799284428E+00    0.254729546545558929E+09
    0.119385810059861458E+00    0.676387268234466377E+00    0.254729546546166748E+09
    0.119385810059861458E+00    0.676387268234466377E+00    0.254729546546166748E+09
    0.119453236536732565E+00    0.676149242612358425E+00    0.254729546547966540E+09
    0.119453236536732565E+00    0.676149242612358425E+00    0.254729546547966540E+09
    0.119220681478153095E+00    0.676578550669336698E+00    0.254729546556803972E+09
    0.119220681478153095E+00    0.676578550669336698E+00    0.254729546556803972E+09
    0.119992924446208765E+00    0.673926002914809641E+00    0.254729546566785663E+09
    0.119992924446208765E+00    0.673926002914809641E+00    0.254729546566785663E+09
    0.120105208187723494E+00    0.672977460584854414E+00    0.254729546567148715E+09
    0.120105208187723494E+00    0.672977460584854414E+00    0.254729546567148715E+09
    0.119374833846040751E+00    0.675773571578443422E+00    0.254729546574540555E+09
    0.119374833846040751E+00    0.675773571578443422E+00    0.254729546574540555E+09
    0.119259666510369011E+00    0.676369271489342450E+00    0.254729546599121392E+09
    0.119259666510369011E+00    0.676369271489342450E+00    0.254729546599121392E+09
    0.119636098626754409E+00    0.674639725813794389E+00    0.254729546600970864E+09
    0.119636098626754409E+00    0.674639725813794389E+00    0.254729546600970864E+09
    0.119787979789949789E+00    0.674040875867408018E+00    0.254729546623986721E+09
    0.119578189124512582E+00    0.674882679398609908E+00    0.254729546631304175E+09
    0.119578189124512582E+00    0.674882679398609908E+00    0.254729546631304175E+09
    0.119317838728427883E+00    0.676076648235320987E+00    0.254729546631497443E+09
    0.119283569012383753E+00    0.676251456192792366E+00    0.254729546632881880E+09
    0.119283569012383753E+00    0.676251456192792366E+00    0.254729546632881880E+09
    0.120100960008397983E+00    0.673010547944318249E+00    0.254729546638418615E+09
    0.120100960008397983E+00    0.673010547944318249E+00    0.254729546638418615E+09
    0.119205051984562729E+00    0.676814659079524317E+00    0.254729546645105004E+09
    0.119205051984562729E+00    0.676814659079524317E+00    0.254729546645105004E+09
    0.119980399663917048E+00    0.673354424220305114E+00    0.254729546648152143E+09
    0.119980399663917048E+00    0.673354424220305114E+00    0.254729546648152143E+09
    0.119206741732278715E+00    0.676814295019528167E+00    0.254729546650027275E+09
    0.120144858180900080E+00    0.672977419375877739E+00    0.254729546657335997E+09
    0.119271719215718622E+00    0.676706411683856812E+00    0.254729546669866323E+09
    0.119279886932209811E+00    0.676282947053376327E+00    0.254729546676590800E+09
    0.119778268862740900E+00    0.674085742830004775E+00    0.254729546677505821E+09
    0.119778268862740900E+00    0.674085742830004775E+00    0.254729546677505821E+09
    0.120140449200308211E+00    0.673045218309960669E+00    0.254729546680203706E+09
    0.120130174450713847E+00    0.673134805428639238E+00    0.254729546691297948E+09
    0.120130174450713847E+00    0.673134805428639238E+00    0.254729546691297948E+09
    0.119366146221058553E+00    0.676426735288483627E+00    0.254729546697574437E+09
    0.119366146221058553E+00    0.676426735288483627E+00    0.254729546697574437E+09
    0.120057114515127877E+00    0.673122364181742983E+00    0.254729546707364112E+09
    0.119239403367527322E+00    0.676763360418706328E+00    0.254729546709775984E+09
    0.119239403367527322E+00    0.676763360418706328E+00    0.254729546709775984E+09
    0.120134900791649360E+00    0.673031819284216848E+00    0.254729546714144707E+09
    0.119447782984388975E+00    0.675466930343433636E+00    0.254729546717519820E+09
    0.120134188728612659E+00    0.673030507571475312E+00    0.254729546717771888E+09
    0.120134188728612659E+00    0.673030507571475312E+00    0.254729546717771888E+09
    0.119740487186419969E+00    0.674238612499585721E+00    0.254729546725794971E+09
    0.119740487186419969E+00    0.674238612499585721E+00    0.254729546725794971E+09
    0.120108405990387773E+00    0.673263864989206540E+00    0.254729546732375026E+09
    0.120085460513647740E+00    0.673078747862709936E+00    0.254729546732514858E+09
    0.120097779116004277E+00    0.673053172082116902E+00    0.254729546734726191E+09
    0.119339181236781347E+00    0.676491729450006685E+00    0.254729546746469617E+09
    0.120059422308294306E+00    0.673126277914245508E+00    0.254729546750608116E+09
    0.120059422308294306E+00    0.673126277914245508E+00    0.254729546750608116E+09
    0.120091338686228080E+00    0.673353899352761132E+00    0.254729546762452722E+09
    0.120091338686228080E+00    0.673353899352761132E+00    0.254729546762452722E+09
    0.120121129686565770E+00    0.673145760685010419E+00    0.254729546764080822E+09
    0.120121129686565770E+00    0.673145760685010419E+00    0.254729546764080822E+09
    0.119969322458719080E+00    0.673413225693843875E+00    0.254729546764212370E+09
    0.119979545605353607E+00    0.673950772283544164E+00    0.254729546765014172E+09
    0.119979545605353607E+00    0.673950772283544164E+00    0.254729546765014172E+09
    0.119552548792799862E+00    0.675749613793593329E+00    0.254729546768959761E+09
    0.119968177575996315E+00    0.673419499625672824E+00    0.254729546776595592E+09
    0.119968177575996315E+00    0.673419499625672824E+00    0.254729546776595592E+09
    0.119939676771173745E+00    0.674130885538496205E+00    0.254729546782266140E+09
    0.119939676771173745E+00    0.674130885538496205E+00    0.254729546782266140E+09
    0.119429443235302732E+00    0.675561047420659699E+00    0.254729546785355031E+09
    0.119612941641067824E+00    0.675514887619421134E+00    0.254729546789321542E+09
    0.119612941641067824E+00    0.675514887619421134E+00    0.254729546789321542E+09
    0.120032846624794728E+00    0.673690993071386468E+00    0.254729546790434599E+09
    0.120025849444244007E+00    0.673724350934536420E+00    0.254729546792754173E+09
    0.119907183559903888E+00    0.674273759910390291E+00    0.254729546800196469E+09
    0.119907183559903888E+00    0.674273759910390291E+00    0.254729546800196469E+09
    0.119370844587459987E+00    0.675835277289825287E+00    0.254729546802292496E+09
    0.119272355848812281E+00    0.676374395258220851E+00    0.254729546825553119E+09
    0.119441863121794778E+00    0.676142630162948399E+00    0.254729546831686676E+09
    0.119441863121794778E+00    0.676142630162948399E+00    0.254729546831686676E+09
    0.119964952434189212E+00    0.674004986589982757E+00    0.254729546834247440E+09
    0.119964952434189212E+00    0.674004986589982757E+00    0.254729546834247440E+09
    0.119717269718647004E+00    0.674352660179138197E+00    0.254729546868336558E+09
    0.119717269718647004E+00    0.674352660179138197E+00    0.254729546868336558E+09
    0.119255631362714720E+00    0.676646156703100243E+00    0.254729546875667483E+09
    0.120102048529799665E+00    0.673174156920435696E+00    0.254729546882888436E+09
    0.120102048529799665E+00    0.673174156920435696E+00    0.254729546882888436E+09
    0.119490460680507241E+00    0.675958777230826646E+00    0.254729546892717957E+09
    0.119490460680507241E+00    0.675958777230826646E+00    0.254729546892717957E+09
    0.119697880560249229E+00    0.674433369987255116E+00    0.254729546892998755E+09
    0.119697880560249229E+00    0.674433369987255116E+00    0.254729546892998755E+09
    0.120025976181030267E+00    0.673694169521331765E+00    0.254729546913514674E+09
    0.119709203787773652E+00    0.675106568985658018E+00    0.254729546922909230E+09
    0.119709203787773652E+00    0.675106568985658018E+00    0.254729546922909230E+09
    0.119313345059086445E+00    0.676516626445811231E+00    0.254729546928173602E+09
    0.119313345059086445E+00    0.676516626445811231E+00    0.254729546928173602E+09
    0.119357885293222596E+00    0.676404441229273123E+00    0.254729546930336863E+09
    0.119970967337941645E+00    0.673442376732401926E+00    0.254729546932716519E+09
    0.119970967337941645E+00    0.673442376732401926E+00    0.254729546932716519E+09
    0.119285895566178607E+00    0.676576084085810159E+00    0.254729546935400575E+09
    0.119285895566178607E+00    0.676576084085810159E+00    0.254729546935400575E+09
    0.119261365918327644E+00    0.676534250010629834E+00    0.254729546938288987E+09
    0.119261365918327644E+00    0.676534250010629834E+00    0.254729546938288987E+09
    0.119995883054648533E+00    0.673834181023980960E+00    0.254729546946857691E+09
    0.119995883054648533E+00    0.673834181023980960E+00    0.254729546946857691E+09
    0.119604616182644369E+00    0.674821372285474341E+00    0.254729546951674253E+09
    0.119604616182644369E+00    0.674821372285474341E+00    0.254729546951674253E+09
    0.119790670456613929E+00    0.674761859313006696E+00    0.254729546973374605E+09
    0.119983968602978011E+00    0.673878891818959769E+00    0.254729546998806238E+09
    0.119983968602978011E+00    0.673878891818959769E+00    0.254729546998806238E+09
    0.119804179202329775E+00    0.674700695908982073E+00    0.254729546999145687E+09
    0.119431855324632602E+00    0.675591214257944217E+00    0.254729547001293421E+09
    0.119431855324632602E+00    0.675591214257944217E+00    0.254729547001293421E+09
    0.119931587105825521E+00    0.674123350581078529E+00    0.254729547008156359E+09
    0.119858612149548988E+00    0.674463909687622265E+00    0.254729547018637031E+09
    0.119858612149548988E+00    0.674463909687622265E+00    0.254729547018637031E+09
    0.119876206597563206E+00    0.673777174278703095E+00    0.254729547022607923E+09
    0.119296919991827011E+00    0.676511271621126675E+00    0.254729547024000794E+09
    0.119296919991827011E+00    0.676511271621126675E+00    0.254729547024000794E+09
    0.120058447831389498E+00    0.673223913737573842E+00    0.254729547045299917E+09
    0.120058447831389498E+00    0.673223913737573842E+00    0.254729547045299917E+09
    0.119375716240559343E+00    0.676317870131748933E+00    0.254729547055199653E+09
    0.119375716240559343E+00    0.676317870131748933E+00    0.254729547055199653E+09
    0.119662125076281295E+00    0.675279643528541529E+00    0.254729547059004873E+09
    0.119662125076281295E+00    0.675279643528541529E+00    0.254729547059004873E+09
    0.119637806256358045E+00    0.675373383287765749E+00    0.254729547070115268E+09
    0.119637806256358045E+00    0.675373383287765749E+00    0.254729547070115268E+09
    0.119414098823070219E+00    0.676189033017970065E+00    0.254729547075040936E+09
    0.119414098823070219E+00    0.676189033017970065E+00    0.254729547075040936E+09
    0.119427202069210731E+00    0.675629256209649864E+00    0.254729547078719795E+09
    0.119427202069210731E+00    0.675629256209649864E+00    0.254729547078719795E+09
    0.119910144842090921E+00    0.673679285537392869E+00    0.254729547089877307E+09
    0.119910144842090921E+00    0.673679285537392869E+00    0.254729547089877307E+09
    0.120011302541940951E+00    0.673359976602383559E+00    0.254729547093844563E+09
    0.120011302541940951E+00    0.673359976602383559E+00    0.254729547093844563E+09
    0.120003842477427278E+00    0.673383582168573747E+00    0.254729547101756811E+09
    0.120003842477427278E+00    0.673383582168573747E+00    0.254729547101756811E+09
    0.119737106669660115E+00    0.674962226339733462E+00    0.254729547106817782E+09
    0.119737106669660115E+00    0.674962226339733462E+00    0.254729547106817782E+09
    0.119631396708514928E+00    0.675391778048235580E+00    0.254729547109185159E+09
    0.119631396708514928E+00    0.675391778048235580E+00    0.254729547109185159E+09
    0.119925259465636327E+00    0.674130231777895439E+00    0.254729547109610260E+09
    0.119876836609317666E+00    0.673792631493923988E+00    0.254729547115307271E+09
    0.119801491403221022E+00    0.674070953673579387E+00    0.254729547129768699E+09
    0.119527232143902901E+00    0.675783666391346127E+00    0.254729547129955083E+09
    0.119527232143902901E+00    0.675783666391346127E+00    0.254729547129955083E+09
    0.120052076110353595E+00    0.673285993660531767E+00    0.254729547142975062E+09
    0.119751109186796739E+00    0.674264808258471682E+00    0.254729547144431263E+09
    0.119751109186796739E+00    0.674264808258471682E+00    0.254729547144431263E+09
    0.119358064636515604E+00    0.676344558997478362E+00    0.254729547150630802E+09
    0.119358064636515604E+00    0.676344558997478362E+00    0.254729547150630802E+09
    0.120017724060499487E+00    0.673362292044562216E+00    0.254729547151292324E+09
    0.120017724060499487E+00    0.673362292044562216E+00    0.254729547151292324E+09
    0.119584783409239503E+00    0.675563079778300546E+00    0.254729547156352013E+09
    0.119584783409239503E+00    0.675563079778300546E+00    0.254729547156352013E+09
    0.120065464299874053E+00    0.673323813549475680E+00    0.254729547159560710E+09
    0.120065464299874053E+00    0.673323813549475680E+00    0.254729547159560710E+09
    0.119655294980222246E+00    0.675289095267949557E+00    0.254729547160877347E+09
    0.119655294980222246E+00    0.675289095267949557E+00    0.254729547160877347E+09
    0.119486938542227764E+00    0.675374622374982581E+00    0.254729547164043784E+09
    0.119486938542227764E+00    0.675374622374982581E+00    0.254729547164043784E+09
    0.119484970106722863E+00    0.675926709359028322E+00    0.254729547165720940E+09
    0.119484970106722863E+00    0.675926709359028322E+00    0.254729547165720940E+09
    0.119787017975215557E+00    0.674133001679979249E+00    0.254729547171690345E+09
    0.119787017975215557E+00    0.674133001679979249E+00    0.254729547171690345E+09
    0.119400110296822168E+00    0.675780923357158336E+00    0.254729547175059855E+09
    0.119400110296822168E+00    0.675780923357158336E+00    0.254729547175059855E+09
    0.119332792209459790E+00    0.676172053993906008E+00    0.254729547177866787E+09
    0.119332792209459790E+00    0.676172053993906008E+00    0.254729547177866787E+09
    0.120050508409262929E+00    0.673451644744339495E+00    0.254729547179354995E+09
    0.119812521663077071E+00    0.674039890845416045E+00    0.254729547183629930E+09
    0.120035887554244963E+00    0.673347606938968668E+00    0.254729547204718173E+09
    0.120054246972052331E+00    0.673373671949817010E+00    0.254729547206520796E+09
    0.120054246972052331E+00    0.673373671949817010E+00    0.254729547206520796E+09
    0.119671539673479460E+00    0.675215999007553913E+00    0.254729547210441589E+09
    0.119671539673479460E+00    0.675215999007553913E+00    0.254729547210441589E+09
    0.120024875559215774E+00    0.673597827330680854E+00    0.254729547212439954E+09
    0.120024875559215774E+00    0.673597827330680854E+00    0.254729547212439954E+09
    0.119423722038557875E+00    0.675679952782951343E+00    0.254729547224334538E+09
    0.119423722038557875E+00    0.675679952782951343E+00    0.254729547224334538E+09
    0.119945687266396414E+00    0.673594793967976502E+00    0.254729547225640774E+09
    0.119945687266396414E+00    0.673594793967976502E+00    0.254729547225640774E+09
    0.119863637696427966E+00    0.673863806747872163E+00    0.254729547234348923E+09
    0.119863637696427966E+00    0.673863806747872163E+00    0.254729547234348923E+09
    0.119570930763286870E+00    0.675011923021095583E+00    0.254729547234833509E+09
    0.119570930763286870E+00    0.675011923021095583E+00    0.254729547234833509E+09
    0.119996405203682294E+00    0.673746209041236055E+00    0.254729547235753596E+09
    0.119996405203682294E+00    0.673746209041236055E+00    0.254729547235753596E+09
    0.119327487438221858E+00    0.676289414084981999E+00    0.254729547239813805E+09
    0.119327487438221858E+00    0.676289414084981999E+00    0.254729547239813805E+09
    0.120018147925606916E+00    0.673621602364305794E+00    0.254729547242544889E+09
    0.120018147925606916E+00    0.673621602364305794E+00    0.254729547242544889E+09
    0.119382827806745043E+00    0.676242147702964647E+00    0.254729547247146577E+09
    0.119382827806745043E+00    0.676242147702964647E+00    0.254729547247146577E+09
    0.120019861792755062E+00    0.673609062298140215E+00    0.254729547247224867E+09
    0.120019861792755062E+00    0.673609062298140215E+00    0.254729547247224867E+09
    0.119618745234314802E+00    0.674816875101331148E+00    0.254729547262234092E+09
    0.119618745234314802E+00    0.674816875101331148E+00    0.254729547262234092E+09
    0.119639701665297429E+00    0.675331549000269482E+00    0.254729547263842613E+09
    0.119639701665297429E+00    0.675331549000269482E+00    0.254729547263842613E+09
    0.119345301234925122E+00    0.676283550016546831E+00    0.254729547277274102E+09
    0.119345301234925122E+00    0.676283550016546831E+00    0.254729547277274102E+09
    0.119582418565040330E+00    0.674973255902723612E+00    0.254729547285797894E+09
    0.119582418565040330E+00    0.674973255902723612E+00    0.254729547285797894E+09
    0.119846379097879638E+00    0.673936647472799688E+00    0.254729547286235988E+09
    0.119846379097879638E+00    0.673936647472799688E+00    0.254729547286235988E+09
    0.119562181704487222E+00    0.675623538011186686E+00    0.254729547286975473E+09
    0.119562181704487222E+00    0.675623538011186686E+00    0.254729547286975473E+09
    0.119366140702002049E+00    0.675989647762449186E+00    0.254729547288659275E+09
    0.119589685980860519E+00    0.674945006561904481E+00    0.254729547297760338E+09
    0.119589685980860519E+00    0.674945006561904481E+00    0.254729547297760338E+09
    0.119374641014001470E+00    0.675950355371007117E+00    0.254729547305706531E+09
    0.119374641014001470E+00    0.675950355371007117E+00    0.254729547305706531E+09
    0.119503945025624114E+00    0.675828971880053087E+00    0.254729547308405846E+09
    0.119503945025624114E+00    0.675828971880053087E+00    0.254729547308405846E+09
    0.119694506580121526E+00    0.674518595214669281E+00    0.254729547312321931E+09
    0.119673138603214518E+00    0.674604757631905527E+00    0.254729547314846307E+09
    0.119673138603214518E+00    0.674604757631905527E+00    0.254729547314846307E+09
    0.119784851259682024E+00    0.674169532868912791E+00    0.254729547318117857E+09
    0.119784851259682024E+00    0.674169532868912791E+00    0.254729547318117857E+09
    0.119942332959216302E+00    0.673992925917274777E+00    0.254729547324270546E+09
    0.119942332959216302E+00    0.673992925917274777E+00    0.254729547324270546E+09
    0.119856276571300616E+00    0.673910452807795157E+00    0.254729547328263104E+09
    0.119856276571300616E+00    0.673910452807795157E+00    0.254729547328263104E+09
    0.119701644551015604E+00    0.674493610234197072E+00    0.254729547329849213E+09
    0.119701644551015604E+00    0.674493610234197072E+00    0.254729547329849213E+09
    0.120020558061813137E+00    0.673471051539140775E+00    0.254729547334621191E+09
    0.120014989183474807E+00    0.673573796479108977E+00    0.254729547340721905E+09
    0.119681446813678288E+00    0.675151752274897543E+00    0.254729547342901021E+09
    0.119681446813678288E+00    0.675151752274897543E+00    0.254729547342901021E+09
    0.120014355698646644E+00    0.673574452701030224E+00    0.254729547344487488E+09
    0.119948508359024694E+00    0.673624308482069889E+00    0.254729547350791991E+09
    0.119948508359024694E+00    0.673624308482069889E+00    0.254729547350791991E+09
    0.119561019267868524E+00    0.675613912817673135E+00    0.254729547354978740E+09
    0.119561019267868524E+00    0.675613912817673135E+00    0.254729547354978740E+09
    0.119821373908513662E+00    0.674559172958884457E+00    0.254729547355133712E+09
    0.120015909808120866E+00    0.673531192148773883E+00    0.254729547359075159E+09
    0.119395962238311767E+00    0.675861105918884264E+00    0.254729547367477834E+09
    0.119395962238311767E+00    0.675861105918884264E+00    0.254729547367477834E+09
    0.119409657588961715E+00    0.675791758914245588E+00    0.254729547371020138E+09
    0.119409657588961715E+00    0.675791758914245588E+00    0.254729547371020138E+09
    0.119732038654740747E+00    0.674933090044603667E+00    0.254729547373125851E+09
    0.119732038654740747E+00    0.674933090044603667E+00    0.254729547373125851E+09
    0.119832824441452157E+00    0.674502225654841303E+00    0.254729547386712909E+09
    0.119832824441452157E+00    0.674502225654841303E+00    0.254729547386712909E+09
    0.119954785815467188E+00    0.673621422374603984E+00    0.254729547391288757E+09
    0.119954785815467188E+00    0.673621422374603984E+00    0.254729547391288757E+09
    0.119368052849712275E+00    0.676219103317419856E+00    0.254729547394662738E+09
    0.119368052849712275E+00    0.676219103317419856E+00    0.254729547394662738E+09
    0.119675396187743907E+00    0.674612203118598597E+00    0.254729547398225397E+09
    0.119675396187743907E+00    0.674612203118598597E+00    0.254729547398225397E+09
    0.119943944214542755E+00    0.673655114485972595E+00    0.254729547399381667E+09
    0.119499658083450533E+00    0.675372322619292142E+00    0.254729547406643271E+09
    0.119499658083450533E+00    0.675372322619292142E+00    0.254729547406643271E+09
    0.119416307397975457E+00    0.675772579429782194E+00    0.254729547412643820E+09
    0.119416307397975457E+00    0.675772579429782194E+00    0.254729547412643820E+09
    0.120000704556955107E+00    0.673594457405076064E+00    0.254729547413672030E+09
    0.120000704556955107E+00    0.673594457405076064E+00    0.254729547413672030E+09
    0.119634207153162295E+00    0.674784417945423765E+00    0.254729547419993132E+09
    0.119994505390267792E+00    0.673645752943568654E+00    0.254729547423770338E+09
    0.119994505390267792E+00    0.673645752943568654E+00    0.254729547423770338E+09
    0.119856960851058958E+00    0.674385296725370287E+00    0.254729547429493636E+09
    0.119856960851058958E+00    0.674385296725370287E+00    0.254729547429493636E+09
    0.119638623850285078E+00    0.674768413552298996E+00    0.254729547430328339E+09
    0.119435466460632370E+00    0.675683083320484879E+00    0.254729547431745946E+09
    0.119967934187531072E+00    0.673814264827975795E+00    0.254729547434818268E+09
    0.119967934187531072E+00    0.673814264827975795E+00    0.254729547434818268E+09
    0.119409416248283426E+00    0.676099503598632579E+00    0.254729547435397506E+09
    0.119409416248283426E+00    0.676099503598632579E+00    0.254729547435397506E+09
    0.119994733104276344E+00    0.673592289365594121E+00    0.254729547435802162E+09
    0.119994733104276344E+00    0.673592289365594121E+00    0.254729547435802162E+09
    0.119418734556545628E+00    0.676072679826203893E+00    0.254729547436514378E+09
    0.119984269051410422E+00    0.673582868341328855E+00    0.254729547438609004E+09
    0.119984269051410422E+00    0.673582868341328855E+00    0.254729547438609004E+09
    0.119378447692132642E+00    0.675993271254105244E+00    0.254729547440392435E+09
    0.119378447692132642E+00    0.675993271254105244E+00    0.254729547440392435E+09
    0.119686427190984837E+00    0.674577917534971760E+00    0.254729547446352988E+09
    0.119686427190984837E+00    0.674577917534971760E+00    0.254729547446352988E+09
    0.119485963939519088E+00    0.675855796750208015E+00    0.254729547450286448E+09
    0.119485963939519088E+00    0.675855796750208015E+00    0.254729547450286448E+09
    0.119540488535328324E+00    0.675668047745408229E+00    0.254729547451498896E+09
    0.119540488535328324E+00    0.675668047745408229E+00    0.254729547451498896E+09
    0.119375481982696277E+00    0.676167637827018164E+00    0.254729547453179151E+09
    0.119773758752123663E+00    0.674240708549923351E+00    0.254729547456274390E+09
    0.119773758752123663E+00    0.674240708549923351E+00    0.254729547456274390E+09
    0.119774708383711681E+00    0.674237997601752848E+00    0.254729547459967315E+09
    0.119774708383711681E+00    0.674237997601752848E+00    0.254729547459967315E+09
    0.119529061642135587E+00    0.675254266690645033E+00    0.254729547465113938E+09
    0.119921762470332621E+00    0.674047222641103283E+00    0.254729547466261327E+09
    0.119921762470332621E+00    0.674047222641103283E+00    0.254729547466261327E+09
    0.119549291373455477E+00    0.675155290179427880E+00    0.254729547472939491E+09
    0.119675754159240352E+00    0.675147204741192608E+00    0.254729547474844873E+09
    0.119675754159240352E+00    0.675147204741192608E+00    0.254729547474844873E+09
    0.119923445624262145E+00    0.674034320639327222E+00    0.254729547478121310E+09
    0.119923445624262145E+00    0.674034320639327222E+00    0.254729547478121310E+09
    0.119399991549176673E+00    0.676104039862449269E+00    0.254729547478656888E+09
    0.119399991549176673E+00    0.676104039862449269E+00    0.254729547478656888E+09
    0.119408583595306636E+00    0.675840567777780898E+00    0.254729547479986399E+09
    0.119689425902844482E+00    0.675091392357002440E+00    0.254729547480675578E+09
    0.119655156262222603E+00    0.675225873062692883E+00    0.254729547486656815E+09
    0.119655156262222603E+00    0.675225873062692883E+00    0.254729547486656815E+09
    0.119423611918435660E+00    0.676039063848287936E+00    0.254729547487186313E+09
    0.119423611918435660E+00    0.676039063848287936E+00    0.254729547487186313E+09
    0.119572475491311517E+00    0.675058932642289555E+00    0.254729547488595277E+09
    0.119776534807162327E+00    0.674238091092645542E+00    0.254729547490096509E+09
    0.119374375822406162E+00    0.676121853703786191E+00    0.254729547491470158E+09
    0.119541675239681192E+00    0.675193274764650742E+00    0.254729547492972553E+09
    0.119871472195291179E+00    0.673900020911895936E+00    0.254729547498585284E+09
    0.119801160574938947E+00    0.674149269118806793E+00    0.254729547499513119E+09
    0.119801160574938947E+00    0.674149269118806793E+00    0.254729547499513119E+09
    0.119455232974914102E+00    0.675608601494796623E+00    0.254729547500688314E+09
    0.119455232974914102E+00    0.675608601494796623E+00    0.254729547500688314E+09
    0.119376711675622318E+00    0.676089975802292464E+00    0.254729547504536301E+09
    0.119376711675622318E+00    0.676089975802292464E+00    0.254729547504536301E+09
    0.119811950606554363E+00    0.674564382951132080E+00    0.254729547508514494E+09
    0.119387422574985719E+00    0.676106408273528969E+00    0.254729547508714557E+09
    0.119387422574985719E+00    0.676106408273528969E+00    0.254729547508714557E+09
    0.119610912673087891E+00    0.674901017145638438E+00    0.254729547510701925E+09
    0.119389119353037670E+00    0.675983704528224427E+00    0.254729547518766880E+09
    0.119603237900716183E+00    0.675418049485391858E+00    0.254729547522938967E+09
    0.119603237900716183E+00    0.675418049485391858E+00    0.254729547522938967E+09
    0.119869705235313803E+00    0.674302072389009632E+00    0.254729547523799926E+09
    0.119869705235313803E+00    0.674302072389009632E+00    0.254729547523799926E+09
    0.119852142033033598E+00    0.674381217433806968E+00    0.254729547526823521E+09
    0.119409089561274218E+00    0.675865416321564938E+00    0.254729547532221168E+09
    0.119409089561274218E+00    0.675865416321564938E+00    0.254729547532221168E+09
    0.119738479659208516E+00    0.674393287450808843E+00    0.254729547538180709E+09
    0.119738479659208516E+00    0.674393287450808843E+00    0.254729547538180709E+09
    0.119754292244381291E+00    0.674335318321293453E+00    0.254729547547327638E+09
    0.119428623450397967E+00    0.675998321337109243E+00    0.254729547548292190E+09
    0.119428623450397967E+00    0.675998321337109243E+00    0.254729547548292190E+09
    0.119879128058025503E+00    0.673889805719903201E+00    0.254729547550961524E+09
    0.119521342499182170E+00    0.675313709288378416E+00    0.254729547556771696E+09
    0.119689268719288741E+00    0.675074115668071517E+00    0.254729547560196102E+09
    0.119689268719288741E+00    0.675074115668071517E+00    0.254729547560196102E+09
    0.119814942143864900E+00    0.674537222347950438E+00    0.254729547563339561E+09
    0.119814942143864900E+00    0.674537222347950438E+00    0.254729547563339561E+09
    0.119803402710477666E+00    0.674157708551455626E+00    0.254729547565272421E+09
    0.119474503229134540E+00    0.675856470275384980E+00    0.254729547568287045E+09
    0.119408546592786047E+00    0.676028261788179319E+00    0.254729547569596291E+09
    0.119408546592786047E+00    0.676028261788179319E+00    0.254729547569596291E+09
    0.119429565545244407E+00    0.675774563923705940E+00    0.254729547579324037E+09
    0.119950516862658590E+00    0.673806642299898950E+00    0.254729547579328269E+09
    0.119950516862658590E+00    0.673806642299898950E+00    0.254729547579328269E+09
    0.119400437027803355E+00    0.675994377915469125E+00    0.254729547583772182E+09
    0.119400437027803355E+00    0.675994377915469125E+00    0.254729547583772182E+09
    0.119594082019589848E+00    0.674990453470738050E+00    0.254729547586588502E+09
    0.119594082019589848E+00    0.674990453470738050E+00    0.254729547586588502E+09
    0.119433580638135931E+00    0.675966096643013881E+00    0.254729547586930364E+09
    0.119946050918120828E+00    0.673824066842021896E+00    0.254729547593235314E+09
    0.119946050918120828E+00    0.673824066842021896E+00    0.254729547593235314E+09
    0.119777934917336085E+00    0.674688862709273862E+00    0.254729547596430302E+09
    0.119777934917336085E+00    0.674688862709273862E+00    0.254729547596430302E+09
    0.119445691954684963E+00    0.675929681405249339E+00    0.254729547596993864E+09
    0.119445691954684963E+00    0.675929681405249339E+00    0.254729547596993864E+09
    0.119797847875338564E+00    0.674602715063990277E+00    0.254729547597181320E+09
    0.119917404961695909E+00    0.673816014817725351E+00    0.254729547599171638E+09
    0.119917404961695909E+00    0.673816014817725351E+00    0.254729547599171638E+09
    0.119944049533975070E+00    0.673814460113258851E+00    0.254729547604845792E+09
    0.119527774604856155E+00    0.675299025125135954E+00    0.254729547606111318E+09
    0.119563688350659447E+00    0.675127001920166281E+00    0.254729547608966410E+09
    0.119563688350659447E+00    0.675127001920166281E+00    0.254729547608966410E+09
    0.119537274903517177E+00    0.675244241471467110E+00    0.254729547611656308E+09
    0.119537274903517177E+00    0.675244241471467110E+00    0.254729547611656308E+09
    0.119906951140566431E+00    0.673850201756900469E+00    0.254729547614286035E+09
    0.119906951140566431E+00    0.673850201756900469E+00    0.254729547614286035E+09
    0.119547551574157987E+00    0.675199364162195947E+00    0.254729547614299476E+09
    0.119547551574157987E+00    0.675199364162195947E+00    0.254729547614299476E+09
    0.119749346750046393E+00    0.674370793113967415E+00    0.254729547614402473E+09
    0.119749346750046393E+00    0.674370793113967415E+00    0.254729547614402473E+09
    0.119940062398878292E+00    0.673814910084649998E+00    0.254729547616679400E+09
    0.119940062398878292E+00    0.673814910084649998E+00    0.254729547616679400E+09
    0.119933350753116078E+00    0.673805689118340712E+00    0.254729547619938225E+09
    0.119933350753116078E+00    0.673805689118340712E+00    0.254729547619938225E+09
    0.119890474128727803E+00    0.674141972116538146E+00    0.254729547621221632E+09
    0.119916851553820106E+00    0.673997811894877619E+00    0.254729547623882651E+09
    0.119811469670634552E+00    0.674144836533320024E+00    0.254729547624027401E+09
    0.119811469670634552E+00    0.674144836533320024E+00    0.254729547624027401E+09
    0.119718829071572941E+00    0.674490239812099879E+00    0.254729547625034094E+09
    0.119718829071572941E+00    0.674490239812099879E+00    0.254729547625034094E+09
    0.119434418143817528E+00    0.675936968874213173E+00    0.254729547630990684E+09
    0.119885247593057617E+00    0.673898009586695101E+00    0.254729547632228225E+09
    0.119885247593057617E+00    0.673898009586695101E+00    0.254729547632228225E+09
    0.119542034965378824E+00    0.675615244888728261E+00    0.254729547632525742E+09
    0.119561213622932330E+00    0.675144377322926759E+00    0.254729547632850766E+09
    0.119912216758129325E+00    0.673848934229989482E+00    0.254729547633264482E+09
    0.119912216758129325E+00    0.673848934229989482E+00    0.254729547633264482E+09
    0.119593922936325162E+00    0.675004804355672561E+00    0.254729547638883322E+09
    0.119593922936325162E+00    0.675004804355672561E+00    0.254729547638883322E+09
    0.119882991164423761E+00    0.673908048193167519E+00    0.254729547639860630E+09
    0.119608938801998729E+00    0.674942618759674318E+00    0.254729547645210147E+09
    0.119803598355709057E+00    0.674564086171632216E+00    0.254729547645386457E+09
    0.119475520096459759E+00    0.675822383913827540E+00    0.254729547647394568E+09
    0.119421730341594909E+00    0.675923777854304908E+00    0.254729547647520453E+09
    0.119904042263219546E+00    0.673877877297856975E+00    0.254729547649963468E+09
    0.119622117078558354E+00    0.674889763536930753E+00    0.254729547654806316E+09
    0.119649880252650984E+00    0.675206145185902606E+00    0.254729547655493379E+09
    0.119808812881310997E+00    0.674164334580877544E+00    0.254729547658134580E+09
    0.119808812881310997E+00    0.674164334580877544E+00    0.254729547658134580E+09
    0.119708128053377091E+00    0.674964918076063736E+00    0.254729547661309183E+09
    0.119433385482185961E+00    0.675811902473289927E+00    0.254729547661414117E+09
    0.119620009541683919E+00    0.675319074591399060E+00    0.254729547663467646E+09
    0.119438903540025954E+00    0.675776546117398680E+00    0.254729547663734645E+09
    0.119426941846649912E+00    0.675888036421587013E+00    0.254729547664784819E+09
    0.119426941846649912E+00    0.675888036421587013E+00    0.254729547664784819E+09
    0.119916662770337620E+00    0.673868310402227944E+00    0.254729547665044010E+09
    0.119911133753614160E+00    0.673875760137756630E+00    0.254729547665336728E+09
    0.119819658755166369E+00    0.674128589849853355E+00    0.254729547666398644E+09
    0.119494753869963444E+00    0.675755632925234662E+00    0.254729547668121547E+09
    0.119917908253151434E+00    0.673873156866598877E+00    0.254729547668777019E+09
    0.119446149210516162E+00    0.675885813893157938E+00    0.254729547669989824E+09
    0.119429265769173662E+00    0.675871380895213814E+00    0.254729547671136826E+09
    0.119718459120718768E+00    0.674916651960224101E+00    0.254729547681837499E+09
    0.119912877371558105E+00    0.673892223723195349E+00    0.254729547681863159E+09
    0.119912877371558105E+00    0.673892223723195349E+00    0.254729547681863159E+09
    0.119773097962775618E+00    0.674300978358470471E+00    0.254729547682936490E+09
    0.119576569779882083E+00    0.675092460079678269E+00    0.254729547684853196E+09
    0.119626502658064182E+00    0.675287872459064409E+00    0.254729547686955631E+09
    0.119439748682934957E+00    0.675871791803148270E+00    0.254729547690561026E+09
    0.119628277358255181E+00    0.674874200229732768E+00    0.254729547692181528E+09
    0.119867964700698104E+00    0.673975940787633454E+00    0.254729547692463100E+09
    0.119867964700698104E+00    0.673975940787633454E+00    0.254729547692463100E+09
    0.119542513738277456E+00    0.675595145865312996E+00    0.254729547692542017E+09
    0.119542513738277456E+00    0.675595145865312996E+00    0.254729547692542017E+09
    0.119507144175694774E+00    0.675425887881530573E+00    0.254729547692662477E+09
    0.119440238216471817E+00    0.675866035937783605E+00    0.254729547694402844E+09
    0.119864757586886236E+00    0.674267910472468146E+00    0.254729547694418937E+09
    0.119864757586886236E+00    0.674267910472468146E+00    0.254729547694418937E+09
    0.119446148319621442E+00    0.675863473904748657E+00    0.254729547694924325E+09
    0.119856950302912366E+00    0.674304416282558439E+00    0.254729547695816606E+09
    0.119910466458005432E+00    0.673923952026654005E+00    0.254729547699707568E+09
    0.119789858919094105E+00    0.674245788972983595E+00    0.254729547702662110E+09
    0.119493806505635639E+00    0.675743324095129383E+00    0.254729547703506887E+09
    0.119441461971147037E+00    0.675845511140684696E+00    0.254729547704086810E+09
    0.119585189266749423E+00    0.675060998168357074E+00    0.254729547705247849E+09
    0.119903193490366419E+00    0.673929057980991675E+00    0.254729547707230687E+09
    0.119903193490366419E+00    0.673929057980991675E+00    0.254729547707230687E+09
    0.119536659525363090E+00    0.675277167556703972E+00    0.254729547708613664E+09
    0.119725290987456240E+00    0.674880741910676596E+00    0.254729547708735108E+09
    0.119743684088969751E+00    0.674803663664405362E+00    0.254729547709031701E+09
    0.119483661497384611E+00    0.675768239893727807E+00    0.254729547712315559E+09
    0.119483661497384611E+00    0.675768239893727807E+00    0.254729547712315559E+09
    0.119452873592988090E+00    0.675735875943586417E+00    0.254729547717315197E+09
    0.119585883319610786E+00    0.675430764389876814E+00    0.254729547719377309E+09
    0.119716745353785542E+00    0.674911830538770574E+00    0.254729547724116683E+09
    0.119520554396719228E+00    0.675650802857547972E+00    0.254729547725721836E+09
    0.119542444355459798E+00    0.675257149793965006E+00    0.254729547727194279E+09
    0.119542444355459798E+00    0.675257149793965006E+00    0.254729547727194279E+09
    0.119531553887929964E+00    0.675621066824112160E+00    0.254729547727883667E+09
    0.119531553887929964E+00    0.675621066824112160E+00    0.254729547727883667E+09
    0.119846387603474727E+00    0.674061022378895758E+00    0.254729547731639475E+09
    0.119456637673343607E+00    0.675806643486039471E+00    0.254729547734856695E+09
    0.119480541047520566E+00    0.675582560573837920E+00    0.254729547735742450E+09
    0.119833980037173979E+00    0.674394073595349197E+00    0.254729547743200213E+09
    0.119456726815060962E+00    0.675789606101883100E+00    0.254729547744162321E+09
    0.119456726815060962E+00    0.675789606101883100E+00    0.254729547744162321E+09
    0.119736264897393238E+00    0.674824176945914345E+00    0.254729547744852424E+09
    0.119631148930932171E+00    0.674877655058831794E+00    0.254729547745572090E+09
    0.119568147869277747E+00    0.675486580241610346E+00    0.254729547746181905E+09
    0.119526407868074905E+00    0.675631571241391948E+00    0.254729547746447057E+09
    0.119890861764944887E+00    0.674002429005322590E+00    0.254729547750083864E+09
    0.119564625781043501E+00    0.675496973667953471E+00    0.254729547752766490E+09
    0.119730555865386210E+00    0.674845665595216193E+00    0.254729547752968699E+09
    0.119843907332848179E+00    0.674078134531503559E+00    0.254729547753470868E+09
    0.119631627985839581E+00    0.675248072543998545E+00    0.254729547756633610E+09
    0.119478643472062052E+00    0.675612994913170950E+00    0.254729547762507319E+09
    0.119478643472062052E+00    0.675612994913170950E+00    0.254729547762507319E+09
    0.119637112956501090E+00    0.675225154792054250E+00    0.254729547762863189E+09
    0.119867613128016026E+00    0.674221615823931364E+00    0.254729547764228225E+09
    0.119840576597888354E+00    0.674354304964046136E+00    0.254729547764980048E+09
    0.119569376440190361E+00    0.675475419315505143E+00    0.254729547766046375E+09
    0.119541668316258634E+00    0.675275574329895267E+00    0.254729547767713577E+09
    0.119468174394274873E+00    0.675689541021795459E+00    0.254729547767834872E+09
    0.119511432289382338E+00    0.675659641391856525E+00    0.254729547768205404E+09
    0.119756270904871481E+00    0.674389660103743682E+00    0.254729547768968701E+09
    0.119756467278084380E+00    0.674389026003093361E+00    0.254729547769252419E+09
    0.119707249737373511E+00    0.674575937593510644E+00    0.254729547770164788E+09
    0.119864000931134307E+00    0.674025098272933221E+00    0.254729547772816002E+09
    0.119879179649592271E+00    0.674155939741311494E+00    0.254729547773765206E+09
    0.119488983321006229E+00    0.675562062504800886E+00    0.254729547774837345E+09
    0.119567662724068449E+00    0.675478228119377744E+00    0.254729547775467783E+09
    0.119862926437178191E+00    0.674029856100075597E+00    0.254729547775953770E+09
    0.119618525576546231E+00    0.674940208521210616E+00    0.254729547776140392E+09
    0.119537033400372944E+00    0.675301424974735442E+00    0.254729547779266894E+09
    0.119832729767265750E+00    0.674384895151521668E+00    0.254729547779658824E+09
    0.119472194485683955E+00    0.675679079740604593E+00    0.254729547780606866E+09
    0.119794736826815879E+00    0.674558676174141003E+00    0.254729547782020092E+09
    0.119690847834301520E+00    0.675008578092617939E+00    0.254729547782112688E+09
    0.119483061070661895E+00    0.675719551393892282E+00    0.254729547785581917E+09
    0.119775684318531528E+00    0.674641629863949044E+00    0.254729547785647422E+09
    0.119515118913703269E+00    0.675429677942037121E+00    0.254729547786792934E+09
    0.119593118155806102E+00    0.675053534573276104E+00    0.254729547789059848E+09
    0.119876258811740410E+00    0.674160189350836325E+00    0.254729547790889144E+09
    0.119823243371988394E+00    0.674161492263024020E+00    0.254729547791015983E+09
    0.119513087531314829E+00    0.675640318509219795E+00    0.254729547795202613E+09
    0.119513087531314829E+00    0.675640318509219795E+00    0.254729547795202613E+09
    0.119619786957563229E+00    0.674941818180106123E+00    0.254729547797396213E+09
    0.119751911471944042E+00    0.674740257580970115E+00    0.254729547798668146E+09
    0.119865347996608071E+00    0.674212696231116348E+00    0.254729547799893320E+09
    0.119533427489292729E+00    0.675346151501307168E+00    0.254729547801962435E+09
    0.119536971891813767E+00    0.675573244722245003E+00    0.254729547803242236E+09
    0.119479922833537186E+00    0.675687699566933198E+00    0.254729547804848224E+09
    0.119479586339879804E+00    0.675669304622337541E+00    0.254729547804867506E+09
    0.119827161175181440E+00    0.674398526493902972E+00    0.254729547808261573E+09
    0.119715937484523333E+00    0.674555029028817699E+00    0.254729547809140444E+09
    0.119501406040678756E+00    0.675520894616813528E+00    0.254729547813463628E+09
    0.119662060936927619E+00    0.675111181319283049E+00    0.254729547817394435E+09
    0.119685987943586175E+00    0.674675891756369217E+00    0.254729547818905115E+09
    0.119777725103254559E+00    0.674330029447733015E+00    0.254729547820139498E+09
    0.119638922838567738E+00    0.674870066914522115E+00    0.254729547823114187E+09
    0.119502739647612669E+00    0.675646423743189839E+00    0.254729547823303103E+09
    0.119764219851216880E+00    0.674380085646301253E+00    0.254729547824349880E+09
    0.119818132785644751E+00    0.674193793758933624E+00    0.254729547825682312E+09
    0.119823397382351066E+00    0.674408239004343768E+00    0.254729547825706005E+09
    0.119543581206127181E+00    0.675540929893806319E+00    0.254729547826792985E+09
    0.119881994494504165E+00    0.674032699000307156E+00    0.254729547827917099E+09
    0.119489513308026429E+00    0.675633662991509176E+00    0.254729547828846663E+09
    0.119496599035454509E+00    0.675646385420963114E+00    0.254729547831936955E+09
    0.119844936251221904E+00    0.674114094716837253E+00    0.254729547832205623E+09
    0.119558871260131247E+00    0.675222940578185771E+00    0.254729547832899570E+09
    0.119522147456954025E+00    0.675590972967124670E+00    0.254729547833835930E+09
    0.119596272490267080E+00    0.675353629992466842E+00    0.254729547834872752E+09
    0.119495662342860062E+00    0.675639145405905084E+00    0.254729547836023748E+09
    0.119682117329719062E+00    0.674698194607585955E+00    0.254729547838790774E+09
    0.119495575898293405E+00    0.675594862372555394E+00    0.254729547839734107E+09
    0.119743021307160566E+00    0.674763198095293504E+00    0.254729547840537846E+09
    0.119557583159083117E+00    0.675487626017701182E+00    0.254729547840728402E+09
    0.119532359954400327E+00    0.675373669301198798E+00    0.254729547842513084E+09
    0.119535381046890626E+00    0.675559681867329065E+00    0.254729547843436480E+09
    0.119871468755756605E+00    0.674137346132883120E+00    0.254729547844105691E+09
    0.119520550692173655E+00    0.675586961268472175E+00    0.254729547845478058E+09
    0.119804160131980891E+00    0.674250132273792047E+00    0.254729547847494215E+09
    0.119510481785288100E+00    0.675498425992045459E+00    0.254729547847737223E+09
    0.119759662100451428E+00    0.674688233247497271E+00    0.254729547848399699E+09
    0.119804725351884675E+00    0.674249552289031717E+00    0.254729547850203395E+09
    0.119715182171165932E+00    0.674572586108894590E+00    0.254729547850572407E+09
    0.119760346302963644E+00    0.674684314682733932E+00    0.254729547850663364E+09
    0.119868403802563819E+00    0.674079131448080071E+00    0.254729547851957768E+09
    0.119536423329881611E+00    0.675551874199377789E+00    0.254729547852031142E+09
    0.119630181916184741E+00    0.674917007418872616E+00    0.254729547852156550E+09
    0.119729200442787703E+00    0.674520367721082148E+00    0.254729547853152186E+09
    0.119806564875972923E+00    0.674474019447529716E+00    0.254729547854107440E+09
    0.119501958469571984E+00    0.675571904780026267E+00    0.254729547854535490E+09
    0.119796725138939950E+00    0.674519271102381968E+00    0.254729547854648739E+09
    0.119836313924511551E+00    0.674153302739638915E+00    0.254729547855171025E+09
    0.119586410021505440E+00    0.675380874690399424E+00    0.254729547855536282E+09
    0.119516048021797994E+00    0.675472537431077824E+00    0.254729547855841011E+09
    0.119806681547253630E+00    0.674472544400235074E+00    0.254729547856058031E+09
    0.119528662733221158E+00    0.675402766076855787E+00    0.254729547856979698E+09
    0.119598664817561290E+00    0.675054559211524019E+00    0.254729547857357413E+09
    0.119643035164469683E+00    0.674865038201745593E+00    0.254729547857424527E+09
    0.119838937256295949E+00    0.674312971170362263E+00    0.254729547857824117E+09
    0.119708749809879375E+00    0.674600394224407318E+00    0.254729547861626953E+09
    0.119569384717722979E+00    0.675437760209851690E+00    0.254729547862022430E+09
    0.119859007455830210E+00    0.674195738839717063E+00    0.254729547862736881E+09
    0.119865021501979876E+00    0.674100466069482707E+00    0.254729547863236636E+09
    0.119754952684285765E+00    0.674429201114174370E+00    0.254729547863569558E+09
    0.119510974724143376E+00    0.675586849163140157E+00    0.254729547864023000E+09
    0.119636091433353645E+00    0.675194665093460600E+00    0.254729547864133716E+09
    0.119513497850245523E+00    0.675582545749748853E+00    0.254729547864960760E+09
    0.119506038204886755E+00    0.675573995674740635E+00    0.254729547864996463E+09
    0.119809623875938034E+00    0.674243997649066618E+00    0.254729547870374650E+09
    0.119857390805154146E+00    0.674190266970440377E+00    0.254729547874045849E+09
    0.119789336898677934E+00    0.674313105043310212E+00    0.254729547874786913E+09
    0.119778806905028123E+00    0.674591600551583626E+00    0.254729547875788689E+09
    0.119859073832850521E+00    0.674147513821922062E+00    0.254729547880535722E+09
    0.119729389268761213E+00    0.674531072268837906E+00    0.254729547882098079E+09
    0.119525871268851600E+00    0.675441337672623598E+00    0.254729547882222146E+09
    0.119720217735784451E+00    0.674843614280108861E+00    0.254729547882344842E+09
    0.119841508789906168E+00    0.674279276834384822E+00    0.254729547883138716E+09
    0.119845076877133097E+00    0.674256995458315078E+00    0.254729547884186238E+09
    0.119805722353092337E+00    0.674461450787606887E+00    0.254729547885298908E+09
    0.119614888211683562E+00    0.674996530076751533E+00    0.254729547887796462E+09
    0.119530009064464551E+00    0.675423957514796891E+00    0.254729547889679313E+09
    0.119642592335109363E+00    0.674879411510890703E+00    0.254729547890015692E+09
    0.119526618090219430E+00    0.675446433442810301E+00    0.254729547890372694E+09
    0.119831727952565470E+00    0.674324604233246361E+00    0.254729547891870081E+09
    0.119852737729174069E+00    0.674182880482563029E+00    0.254729547892594546E+09
    0.119828956958480295E+00    0.674339426189376923E+00    0.254729547892662734E+09
    0.119850624434118147E+00    0.674202521549383760E+00    0.254729547894129723E+09
    0.119575819729996952E+00    0.675399403592280345E+00    0.254729547896246791E+09
    0.119615621963024610E+00    0.675257502995130987E+00    0.254729547897801280E+09
    0.119632206049461634E+00    0.675195254325131389E+00    0.254729547899476528E+09
    0.119527096088217141E+00    0.675511300310952190E+00    0.254729547901743442E+09
    0.119746053472091163E+00    0.674724585730085646E+00    0.254729547902301967E+09
    0.119570523699051121E+00    0.675414216321584715E+00    0.254729547902324915E+09
    0.119758333281624288E+00    0.674434335951737740E+00    0.254729547902635694E+09
    0.119781565537796134E+00    0.674353761909072036E+00    0.254729547902637184E+09
    0.119843066973152168E+00    0.674240831062462354E+00    0.254729547904540449E+09
    0.119694751080898873E+00    0.674674567562956295E+00    0.254729547910344183E+09
    0.119669970634740289E+00    0.675044822626423513E+00    0.254729547912922263E+09
    0.119574086220896686E+00    0.675395668550038741E+00    0.254729547914530843E+09
    0.119784443046468111E+00    0.674544581755220585E+00    0.254729547915572524E+09
    0.119721978842125099E+00    0.674573572860562631E+00    0.254729547916234732E+09
    0.119837329073607640E+00    0.674214468672392542E+00    0.254729547916589618E+09
    0.119580230062572623E+00    0.675164669314721300E+00    0.254729547916728079E+09
    0.119528754067828341E+00    0.675525588708917102E+00    0.254729547919146836E+09
    0.119729179958166038E+00    0.674789230250493199E+00    0.254729547919309318E+09
    0.119836220628613280E+00    0.674225588231633255E+00    0.254729547920848310E+09
    0.119764151373727659E+00    0.674633549812121647E+00    0.254729547923739791E+09
    0.119764009356906120E+00    0.674634055290283308E+00    0.254729547923964500E+09
    0.119827710469382689E+00    0.674312754134031911E+00    0.254729547924201101E+09
    0.119830935399656405E+00    0.674291571810748280E+00    0.254729547924656957E+09
    0.119749841389939396E+00    0.674475918212141590E+00    0.254729547925448030E+09
    0.119697349258316404E+00    0.674671903569665998E+00    0.254729547928326130E+09
    0.119724723452576273E+00    0.674568998122933916E+00    0.254729547928366512E+09
    0.119760443944552417E+00    0.674647706752008691E+00    0.254729547928714454E+09
    0.119643457872778677E+00    0.675139733607398318E+00    0.254729547929430187E+09
    0.119785660041650449E+00    0.674357387408154318E+00    0.254729547931746066E+09
    0.119590204975057846E+00    0.675330116420847060E+00    0.254729547934290469E+09
    0.119712940608123028E+00    0.674613941184106003E+00    0.254729547935608953E+09
    0.119564369725388059E+00    0.675411578397441592E+00    0.254729547939147413E+09
    0.119532551320648231E+00    0.675489097280342232E+00    0.254729547940058589E+09
    0.119547566867006863E+00    0.675343772136419385E+00    0.254729547942922980E+09
    0.119820348521803011E+00    0.674279662644400313E+00    0.254729547943320930E+09
    0.119728836676701089E+00    0.674778971437423936E+00    0.254729547943403572E+09
    0.119549423598162660E+00    0.675336560992947255E+00    0.254729547945910573E+09
    0.119701597727881068E+00    0.674663137583108363E+00    0.254729547946118563E+09
    0.119797525355885365E+00    0.674457268771213259E+00    0.254729547948641777E+09
    0.119570931182088197E+00    0.675384487401948119E+00    0.254729547948641926E+09
    0.119807065036260207E+00    0.674403978938588611E+00    0.254729547949986607E+09
    0.119793005461347288E+00    0.674348479442963056E+00    0.254729547950367361E+09
    0.119815153008374475E+00    0.674351811405584978E+00    0.254729547951210320E+09
    0.119706324528970467E+00    0.674869370744128450E+00    0.254729547953998327E+09
    0.119811398836854516E+00    0.674312123226337379E+00    0.254729547956131250E+09
    0.119809062340810110E+00    0.674317982540580063E+00    0.254729547957486063E+09
    0.119793588840244505E+00    0.674354254705140099E+00    0.254729547958479494E+09
    0.119797704986053050E+00    0.674343307610606790E+00    0.254729547958544075E+09
    0.119717468862814480E+00    0.674819598700921897E+00    0.254729547959154576E+09
    0.119587570745835925E+00    0.675156736973641092E+00    0.254729547960611761E+09
    0.119757930200590459E+00    0.674638920696433830E+00    0.254729547962432116E+09
    0.119583180776445405E+00    0.675335579665013341E+00    0.254729547962751567E+09
    0.119787814388336744E+00    0.674491791168808863E+00    0.254729547965505242E+09
    0.119802889475477778E+00    0.674341659924295067E+00    0.254729547966002047E+09
    0.119552042271914835E+00    0.675416430489205077E+00    0.254729547966839135E+09
    0.119567764365150916E+00    0.675260147602019023E+00    0.254729547967915058E+09
    0.119739256286294976E+00    0.674719685227366472E+00    0.254729547968304813E+09
    0.119586159876991616E+00    0.675169015907076564E+00    0.254729547968353182E+09
    0.119547278212077668E+00    0.675386772721612405E+00    0.254729547968570709E+09
    0.119710692730388701E+00    0.674639178262898986E+00    0.254729547969626784E+09
    0.119766884330665083E+00    0.674445364463244879E+00    0.254729547970817894E+09
    0.119562405051701182E+00    0.675291965056305510E+00    0.254729547970943958E+09
    0.119802356482413538E+00    0.674354315417639905E+00    0.254729547971330643E+09
    0.119554027431591145E+00    0.675405826484540506E+00    0.254729547971338093E+09
    0.119553367571531288E+00    0.675348299387864226E+00    0.254729547972313941E+09
    0.119800851519804200E+00    0.674397828951867839E+00    0.254729547975754768E+09
    0.119655312577709422E+00    0.675070862044450770E+00    0.254729547977199197E+09
    0.119582463559875479E+00    0.675326116154328471E+00    0.254729547977612346E+09
    0.119614430149761100E+00    0.675220200282070526E+00    0.254729547978032112E+09
    0.119642800120555573E+00    0.675116900423953781E+00    0.254729547979152292E+09
    0.119798226519377771E+00    0.674405521844649969E+00    0.254729547979782552E+09
    0.119796437543414069E+00    0.674387017199044037E+00    0.254729547982395351E+09
    0.119768690339343023E+00    0.674449901796589812E+00    0.254729547982810438E+09
    0.119785582947754238E+00    0.674482742933669166E+00    0.254729547983451873E+09
    0.119748717716479741E+00    0.674665939938962622E+00    0.254729547984421223E+09
    0.119721517033663169E+00    0.674614243961888405E+00    0.254729547988445371E+09
    0.119666057090405509E+00    0.675021788925100341E+00    0.254729547991142154E+09
    0.119760451142479935E+00    0.674603313243311575E+00    0.254729547992767066E+09
    0.119731565954939861E+00    0.674736738238904232E+00    0.254729547993896157E+09
    0.119607774616965465E+00    0.675231276818774595E+00    0.254729547994729787E+09
    0.119719284586779606E+00    0.674627353024174647E+00    0.254729547995742917E+09
    0.119708797748819609E+00    0.674833912105492262E+00    0.254729547996729702E+09
    0.119737345556561611E+00    0.674564809488517270E+00    0.254729547997857630E+09
    0.119750213958812565E+00    0.674522045042049823E+00    0.254729547998063684E+09
    0.119567964818807798E+00    0.675326822793721804E+00    0.254729547998299837E+09
    0.119739796066375026E+00    0.674557118220197816E+00    0.254729547998901218E+09
    0.119667051085715875E+00    0.675012779423534992E+00    0.254729547999647349E+09
    0.119748607104077379E+00    0.674529043337137590E+00    0.254729548000035375E+09
    0.119640637560044505E+00    0.675109288362875204E+00    0.254729548004012972E+09
    0.119706813959918126E+00    0.674836595091874214E+00    0.254729548004870296E+09
    0.119573844329075460E+00    0.675297920430325882E+00    0.254729548006013960E+09
    0.119773652894061416E+00    0.674510746937569849E+00    0.254729548007221639E+09
    0.119680915143637157E+00    0.674778878278639360E+00    0.254729548007407725E+09
    0.119710403917903094E+00    0.674662410349051500E+00    0.254729548007655412E+09
    0.119726743697831400E+00    0.674747426348426882E+00    0.254729548007915080E+09
    0.119701551609682683E+00    0.674697824161998860E+00    0.254729548009241104E+09
    0.119715570901543444E+00    0.674795125650556438E+00    0.254729548010124743E+09
    0.119769544744322873E+00    0.674530368602921593E+00    0.254729548010651469E+09
    0.119577878921914335E+00    0.675275165485939466E+00    0.254729548010890305E+09
    0.119705637293578193E+00    0.674851237520949110E+00    0.254729548012147486E+09
    0.119746508527769954E+00    0.674547627035377073E+00    0.254729548012221515E+09
    0.119633082041600350E+00    0.675130321542197431E+00    0.254729548012457103E+09
    0.119601331568041425E+00    0.675234891719491470E+00    0.254729548012916654E+09
    0.119690998284307751E+00    0.674909170544944370E+00    0.254729548014354885E+09
    0.119709758937358857E+00    0.674811868667602566E+00    0.254729548020336807E+09
    0.119739045641604203E+00    0.674677024637217682E+00    0.254729548021814823E+09
    0.119627746890673889E+00    0.675140588330883529E+00    0.254729548022372007E+09
    0.119760369733790312E+00    0.674555884049386267E+00    0.254729548022533089E+09
    0.119752372895004761E+00    0.674607517078374630E+00    0.254729548022620529E+09
    0.119745913541339205E+00    0.674562332623544036E+00    0.254729548022814035E+09
    0.119630772570386096E+00    0.675129286767997661E+00    0.254729548023388982E+09
    0.119589760610890231E+00    0.675228641241563232E+00    0.254729548023921430E+09
    0.119596938712576609E+00    0.675228395754175037E+00    0.254729548025059760E+09
    0.119721103979896257E+00    0.674755107029977319E+00    0.254729548026984423E+09
    0.119722117921931853E+00    0.674646803051482835E+00    0.254729548030059218E+09
    0.119598552871217331E+00    0.675180308597525536E+00    0.254729548030541539E+09
    0.119713981212684062E+00    0.674783470510852634E+00    0.254729548030956388E+09
    0.119690310538214773E+00    0.674899747912849790E+00    0.254729548031036675E+09
    0.119743794962036368E+00    0.674633661330423906E+00    0.254729548033427417E+09
    0.119626905342524792E+00    0.675033995294482270E+00    0.254729548034671843E+09
    0.119609383728419241E+00    0.675181627185315714E+00    0.254729548034828156E+09
    0.119667477915902487E+00    0.674856243925694210E+00    0.254729548037067592E+09
    0.119681618789938687E+00    0.674797968579311958E+00    0.254729548037205070E+09
    0.119742613295182404E+00    0.674610543119402051E+00    0.254729548038881540E+09
    0.119606281004011453E+00    0.675166798154441250E+00    0.254729548039694637E+09
    0.119732339836250978E+00    0.674634011790692156E+00    0.254729548042232543E+09
    0.119704778467431563E+00    0.674711173275385434E+00    0.254729548042747557E+09
    0.119669603296970573E+00    0.674852891274114741E+00    0.254729548043119848E+09
    0.119729264567736679E+00    0.674651127107808724E+00    0.254729548045581579E+09
    0.119653487170296710E+00    0.674924807244207781E+00    0.254729548045717567E+09
    0.119732656794933862E+00    0.674662617821171429E+00    0.254729548045807451E+09
    0.119619090579502277E+00    0.675133530966040118E+00    0.254729548046551943E+09
    0.119625722354581715E+00    0.675060950515635638E+00    0.254729548048598230E+09
    0.119703415891823414E+00    0.674726221846303820E+00    0.254729548052267045E+09
    0.119643054180897809E+00    0.675050837493307743E+00    0.254729548054857075E+09
    0.119639784534553636E+00    0.675001591450635985E+00    0.254729548055362254E+09
    0.119644926816312336E+00    0.674979246522167231E+00    0.254729548056890756E+09
    0.119632722358440399E+00    0.675067886996292943E+00    0.254729548058337688E+09
    0.119634967628823474E+00    0.675038643311812514E+00    0.254729548059169978E+09
    0.119651734442951366E+00    0.675010010876662570E+00    0.254729548061870009E+09
    0.119687807591129444E+00    0.674802281948668981E+00    0.254729548063814282E+09
    0.119682473708985174E+00    0.674895652545071112E+00    0.254729548064151704E+09
    0.119659258019996564E+00    0.674926036527833784E+00    0.254729548064551085E+09
    0.119702953505162038E+00    0.674759248197572936E+00    0.254729548071450263E+09
    0.119683137468178907E+00    0.674857950134023943E+00    0.254729548075407356E+09
    0.119683864057385042E+00    0.674868675588556677E+00    0.254729548073704451E+09
    0.119679294688164087E+00    0.674888381420139960E+00    0.254729548072997510E+09
    0.119692636730248270E+00    0.674847361123675826E+00    0.254729548068813413E+09
    0.119660012344567870E+00    0.674938647331356778E+00    0.254729548070059538E+09
    0.119655291764243360E+00    0.674954004139087682E+00    0.254729548067675769E+09
    0.119671693777386956E+00    0.674907122596753228E+00    0.254729548073862374E+09
    0.119671853432689795E+00    0.674875826133283230E+00    0.254729548067714393E+09
    0.119701495746514203E+00    0.674795248887121835E+00    0.254729548073727548E+09
    0.119686763283252839E+00    0.674860223933614001E+00    0.254729548072969466E+09
    0.119657674020716115E+00    0.674973130115345654E+00    0.254729548068745583E+09
