# d_a
# unit = Mpc
1.467266004882091693e+03
1.468794384494126007e+03
1.470324714535492831e+03
1.471856986342977052e+03
1.473391191046277072e+03
1.474927319564748132e+03
1.476465362604108350e+03
1.478005310653080869e+03
1.479547153979996665e+03
1.481090882629326870e+03
1.482636486418178947e+03
1.484183954932724646e+03
1.485733277524571577e+03
1.487284443307087258e+03
1.488837441151656321e+03
1.490392259683879956e+03
1.491948887279716928e+03
1.493507312061563198e+03
1.495067521894266974e+03
1.496629504381081460e+03
1.498193246859554847e+03
1.499758736397351868e+03
1.501325959788011460e+03
1.502894903546632577e+03
1.504465553905495199e+03
1.506037896809609720e+03
1.507611917912193348e+03
1.509187602570075114e+03
1.510764935839027203e+03
1.512343902469021486e+03
1.513924486899407611e+03
1.515506673254014231e+03
1.517090445336174071e+03
1.518675786623661679e+03
1.520262680263557058e+03
1.521851109067019934e+03
1.523441055503981715e+03
1.525032501697752195e+03
1.526625429419534612e+03
1.528219820082857268e+03
1.529815654737906925e+03
1.531412914065777613e+03
1.533011578372617805e+03
1.534611627583688687e+03
1.536213041237316702e+03
1.537815798478757870e+03
1.539419878053949333e+03
1.541025258303167675e+03
1.542631917154577422e+03
1.544239832117672449e+03
1.545848980276615066e+03
1.547459338283457782e+03
1.549070882351256387e+03
1.550683588247070929e+03
1.552297431284842332e+03
1.553912386318160998e+03
1.555528427732908085e+03
1.557145529439776510e+03
1.558763664866666204e+03
1.560382806950952272e+03
1.562002928131622866e+03
1.563624000341292458e+03
1.565245994998065271e+03
1.566868882997281844e+03
1.568492634703107569e+03
1.570117219939996403e+03
1.571742607983997459e+03
1.573368767553919724e+03
1.574995666802351707e+03
1.576623273306519195e+03
1.578251554058998636e+03
1.579880475458261799e+03
1.581510003299068103e+03
1.583140102762693232e+03
1.584770738406979035e+03
1.586401874156233134e+03
1.588033473290935945e+03
1.589665498437286260e+03
1.591297911556557438e+03
1.592930673934279639e+03
1.594563746169222668e+03
1.596197088162206455e+03
1.597830659104701454e+03
1.599464417467248040e+03
1.601098320987657416e+03
1.602732326659026057e+03
1.604366390717528930e+03
1.606000468630006708e+03
1.607634515081336076e+03
1.609268483961577431e+03
1.610902328352904988e+03
1.612536000516294507e+03
1.614169451877996153e+03
1.615802633015754054e+03
1.617435493644793496e+03
1.619067982603557084e+03
1.620700047839192393e+03
1.622331636392781093e+03
1.623962694384307497e+03
1.625593166997362687e+03
1.627222998463579870e+03
1.628852132046779843e+03
1.630480510026858383e+03
1.632108073683361908e+03
1.633734763278787796e+03
1.635360518041576597e+03
1.636985276148806406e+03
1.638608974708572759e+03
1.640231549742051584e+03
1.641852936165248138e+03
1.643473067770401940e+03
1.645091877207076550e+03
1.646709295962887381e+03
1.648325254343896859e+03
1.649939681454646234e+03
1.651552505177825196e+03
1.653163652153577232e+03
1.654773047758422535e+03
1.656380616083801442e+03
1.657986279914219040e+03
1.659589960705000749e+03
1.661191578559630898e+03
1.662791052206680433e+03
1.664388298976307169e+03
1.665983234776326981e+03
1.667575774067843440e+03
1.669165829840423385e+03
1.670753313586820468e+03
1.672338135277219180e+03
1.673920203333016389e+03
1.675499424600101293e+03
1.677075704321642661e+03
1.678648946110375164e+03
1.680219051920354332e+03
1.681785922018197653e+03
1.683349454953777240e+03
1.684909547530364307e+03
1.686466094774210660e+03
1.688018989903565398e+03
1.689568124297094755e+03
1.691113387461713046e+03
1.692654666999803794e+03
1.694191848575816948e+03
1.695724815882233315e+03
1.697253450604878708e+03
1.698777632387579388e+03
1.700297238796145393e+03
1.701812145281657422e+03
1.703322225143057949e+03
1.704827349489018616e+03
1.706327387199076838e+03
1.707822204884025723e+03
1.709311666845539094e+03
1.710795635035012992e+03
1.712273969011613417e+03
1.713746525899509379e+03
1.715213160344280823e+03
1.716673724468465480e+03
1.718128067826253982e+03
1.719576037357287532e+03
1.721017477339564721e+03
1.722452229341409065e+03
1.723880132172513640e+03
1.725301021834005041e+03
1.726714731467534193e+03
1.728121091303358298e+03
1.729519928607398697e+03
1.730911067627250077e+03
1.732294329537116255e+03
1.733669532381653880e+03
1.735036491018697461e+03
1.736395017060844793e+03
1.737744919720452344e+03
1.739086002103103738e+03
1.740418066656063502e+03
1.741740911403058135e+03
1.743054330812465423e+03
1.744358115731498401e+03
1.745652053319063043e+03
1.746935926977256486e+03
1.748209516281480774e+03
1.749472596909126423e+03
1.750724940566820123e+03
1.751966314916179499e+03
1.753196483498057205e+03
1.754415205655226828e+03
1.755622236453503547e+03
1.756817326601224067e+03
1.758000222367081506e+03
1.759170665496271795e+03
1.760328393124899549e+03
1.761473137692617456e+03
1.762604626853462605e+03
1.763722583384831523e+03
1.764826725094570065e+03
1.765916764726129259e+03
1.766992409861733222e+03
1.768053362823533689e+03
1.769099320572685883e+03
1.770129974606308451e+03
1.771145010852284486e+03
1.772144109561835876e+03
1.773126945199839156e+03
1.774093186332816458e+03
1.775042495514560642e+03
1.775974529169332982e+03
1.776888937472569751e+03
1.777785364229055858e+03
1.778663446748502793e+03
1.779522815718453558e+03
1.780363095074480725e+03
1.781183901867584837e+03
1.781984846128758136e+03
1.782765530730613818e+03
1.783525551246047144e+03
1.784264495803825412e+03
1.784981944941062920e+03
1.785677471452483587e+03
1.786350640236415074e+03
1.787001008137422787e+03
1.787628123785511889e+03
1.788231527431817085e+03
1.788810750780679200e+03
1.789365316818055817e+03
1.789894739636140912e+03
1.790398524254132553e+03
1.790876166435037021e+03
1.791327152498424084e+03
1.791750959129029525e+03
1.792147053181117144e+03
1.792514891478474965e+03
1.792853920609967417e+03
1.793163576720511173e+03
1.793443285297377088e+03
1.793692460951710473e+03
1.793910507195126911e+03
1.794096816211295618e+03
1.794250768622358464e+03
1.794371733250087118e+03
1.794459066871613913e+03
1.794512113969638449e+03
1.794530206476947797e+03
1.794512663515116856e+03
1.794458791127255381e+03
1.794367882004630246e+03
1.794239215207038569e+03
1.794072055876745935e+03
1.793865654945863753e+03
1.793619248836954284e+03
1.793332059156749210e+03
1.793003292382757081e+03
1.792632139542611867e+03
1.792217775885965466e+03
1.791759360548744553e+03
1.791256036209562581e+03
1.790706928738101851e+03
1.790111146835252839e+03
1.789467781664802487e+03
1.788775906476450473e+03
1.788034576219933342e+03
1.787242827150033463e+03
1.786399676422217908e+03
1.785504121678685806e+03
1.784555140624561545e+03
1.783551690593980084e+03
1.782492708105801739e+03
1.781377108408681579e+03
1.780203785015216681e+03
1.778971609224874783e+03
1.777679429635425549e+03
1.776326071642543639e+03
1.774910336927294566e+03
1.773431002931160265e+03
1.771886822318279428e+03
1.770276522424562017e+03
1.768598804693310967e+03
1.766852344097004334e+03
1.765035788544845445e+03
1.763147758275700426e+03
1.761186845236028148e+03
1.759151612442377200e+03
1.757040593328043997e+03
1.754852291073428887e+03
1.752585177919668922e+03
1.750237694465045934e+03
1.747808248943714489e+03
1.745295216486247227e+03
1.742696938361471211e+03
1.740011721199079602e+03
1.737237836192461373e+03
1.734373518281189945e+03
1.731416965312581851e+03
1.728366337181716972e+03
1.725219754949300750e+03
1.721975299936719466e+03
1.718631012797621679e+03
1.715184892565322116e+03
1.711634895675327471e+03
1.707978934962228323e+03
1.704214878630195471e+03
1.700340549196279653e+03
1.696353722405691542e+03
1.692252126118201886e+03
1.688033439164785250e+03
1.683695290173565127e+03
1.679235256364129327e+03
1.674650862309204058e+03
1.669939578662667145e+03
1.665098820852824929e+03
1.660125947739842559e+03
1.655018260236172409e+03
1.649772999888771437e+03
1.644387347421868753e+03
1.638858421238966685e+03
1.633183275882730641e+03
1.627358900451351246e+03
1.621382216969905357e+03
1.615250078715186191e+03
1.608959268492401407e+03
1.602506496862065205e+03
1.595888400315356421e+03
1.589101539396103817e+03
1.582142396767513901e+03
1.575007375221652183e+03
1.567692795629599914e+03
1.560194894830111252e+03
1.552509823454510752e+03
1.544633643685436709e+03
1.536562326946950179e+03
1.528291751523398261e+03
1.519817700104287042e+03
1.511135857252306096e+03
1.502241806791483896e+03
1.493131029112317492e+03
1.483798898390562044e+03
1.474240679716180239e+03
1.464451526128812020e+03
1.454426475555881325e+03
1.444160447649305297e+03
1.433648240516547730e+03
1.422884527341502917e+03
1.411863852890501676e+03
1.400580629898448251e+03
1.389029135329830751e+03
1.377203506509074941e+03
1.365097737114394022e+03
1.352705673028958017e+03
1.340021008042890799e+03
1.327037279399190993e+03
1.313747863176333340e+03
1.300145969499855710e+03
1.286224637574807502e+03
1.271976730530477653e+03
1.257394930068296617e+03
1.242471730903296930e+03
1.227199434988933263e+03
1.211570145514466276e+03
1.195575760663466099e+03
1.179207967121306638e+03
1.162458233318784323e+03
1.145317802398214099e+03
1.127777684887531677e+03
1.109828651067009332e+03
1.091461223012282517e+03
1.072665666296331665e+03
1.053431981332006671e+03
1.033749894335495128e+03
1.013608847889915978e+03
9.929979910868925117e+02
9.719061692225168372e+02
9.503219130226374318e+02
9.282334273707465400e+02
9.056285795100204723e+02
8.824948866891951411e+02
8.588195032199695333e+02
8.345892069114825063e+02
8.097903848451232989e+02
7.844090184504574381e+02
7.584306678404217337e+02
7.318404553611026131e+02
7.046230483083447780e+02
6.767626407601827623e+02
6.482429344705449239e+02
6.190471187658926056e+02
5.891578493823710687e+02
5.585572261766448037e+02
5.272267696388543072e+02
4.951473961309984020e+02
4.622993917685552105e+02
4.286623848571426834e+02
3.942153167896332207e+02
3.589364113021151752e+02
3.228031419795838133e+02
2.857921978940647136e+02
2.478794472490233431e+02
2.090398988942996823e+02
1.692476615654139778e+02
1.284759006897263305e+02
8.669679258966439761e+01
4.388147589979978846e+01
0.000000000000000000e+00
