# d_l
# unit = Mpc
3.668165012205229141e+04
3.657312705334219208e+04
3.646464105036604451e+04
3.635619223395924928e+04
3.624778072564408649e+04
3.613940664763524546e+04
3.603107012284560915e+04
3.592277127489206032e+04
3.581451022810138966e+04
3.570628710751607287e+04
3.559810203890048433e+04
3.548995514874681248e+04
3.538184656428115704e+04
3.527377641346985911e+04
3.516574482502565661e+04
3.505775192841405806e+04
3.494979785385973082e+04
3.484188273235299857e+04
3.473400669565636781e+04
3.462616987631114898e+04
3.451837240764415765e+04
3.441061442377448111e+04
3.430289605962040514e+04
3.419521745090617333e+04
3.408757873416914663e+04
3.397998004676681740e+04
3.387242152688399801e+04
3.376490331354003865e+04
3.365742554659619782e+04
3.354998836676302017e+04
3.344259191560791805e+04
3.333523633556261484e+04
3.322792176993101748e+04
3.312064836289677623e+04
3.301341625953130279e+04
3.290622560580164281e+04
3.279907654857853049e+04
3.269196923564454119e+04
3.258490381570231693e+04
3.247788043838287922e+04
3.237089925425410547e+04
3.226396041482920918e+04
3.215706407257538376e+04
3.205021038092258459e+04
3.194339949427227475e+04
3.183663156800649449e+04
3.172990675849678155e+04
3.162322522311347711e+04
3.151658712023487533e+04
3.140999260925666749e+04
3.130344185060145537e+04
3.119693500572833727e+04
3.109047223714266147e+04
3.098405370840591058e+04
3.087767958414556779e+04
3.077135003006538682e+04
3.066506521295545099e+04
3.055882530070266512e+04
3.045263046230113468e+04
3.034648086786281783e+04
3.024037668862822102e+04
3.013431809697742938e+04
3.002830526644088241e+04
2.992233837171079358e+04
2.981641758865218435e+04
2.971054309431457659e+04
2.960471506694337950e+04
2.949893368599168753e+04
2.939319913213221298e+04
2.928751158726923677e+04
2.918187123455089750e+04
2.907627825838139688e+04
2.897073284443365264e+04
2.886523517966190411e+04
2.875978545231449243e+04
2.865438385194696093e+04
2.854903056943513002e+04
2.844372579698852496e+04
2.833846972816380730e+04
2.823326255787856644e+04
2.812810448242508937e+04
2.802299569948450880e+04
2.791793640814098035e+04
2.781292680889623080e+04
2.770796710368400818e+04
2.760305749588508115e+04
2.749819819034216562e+04
2.739338939337515694e+04
2.728863131279663139e+04
2.718392415792735483e+04
2.707926813961232619e+04
2.697466347023662456e+04
2.687011036374187825e+04
2.676560903564266482e+04
2.666115970304332586e+04
2.655676258465485444e+04
2.645241790081216459e+04
2.634812587349152091e+04
2.624388672632815724e+04
2.613970068463428834e+04
2.603556797541727792e+04
2.593148882739794499e+04
2.582746347102944492e+04
2.572349213851609966e+04
2.561957506383263899e+04
2.551571248274370009e+04
2.541190463282361088e+04
2.530815175347643526e+04
2.520445408595625850e+04
2.510081187338793097e+04
2.499722536078781195e+04
2.489369479508520453e+04
2.479022042514369241e+04
2.468680250178310962e+04
2.458344127780164490e+04
2.448013700799831349e+04
2.437688994919578545e+04
2.427370036026352318e+04
2.417056850214126098e+04
2.406749463786279375e+04
2.396447903258021324e+04
2.386152195358839526e+04
2.375862367034993804e+04
2.365578445452035885e+04
2.355300457997380363e+04
2.345028432282905123e+04
2.334762396147591062e+04
2.324502377660207276e+04
2.314248405122027179e+04
2.304000507069597006e+04
2.293758712277538871e+04
2.283523049761391667e+04
2.273293548780514539e+04
2.263070238841005994e+04
2.252853149698697234e+04
2.242642311362169494e+04
2.232437754095831770e+04
2.222239508423029474e+04
2.212047605129228396e+04
2.201862075265216481e+04
2.191682950150380202e+04
2.181510261376016933e+04
2.171344040808710270e+04
2.161184320593747543e+04
2.151031133158599187e+04
2.140884511216447208e+04
2.130744487769777697e+04
2.120611096114020984e+04
2.110484369841254738e+04
2.100364342843966006e+04
2.090251049318869264e+04
2.080144523770792512e+04
2.070044801016621568e+04
2.059951916189308758e+04
2.049865904741943086e+04
2.039786802451890981e+04
2.029714645425008348e+04
2.019649470099905011e+04
2.009591313252299369e+04
1.999540211999427629e+04
1.989496203804536708e+04
1.979459326481440803e+04
1.969429618199166362e+04
1.959407117486661082e+04
1.949391863237587313e+04
1.939383894715194037e+04
1.929383251557269614e+04
1.919389973781181470e+04
1.909404101788990738e+04
1.899425676372664020e+04
1.889454738719361558e+04
1.879491330416829078e+04
1.869535494432051564e+04
1.859587271188827799e+04
1.849646704519398554e+04
1.839713837669480199e+04
1.829788714313694072e+04
1.819871378561514939e+04
1.809961874963337686e+04
1.800060248516634601e+04
1.790166544672236705e+04
1.780280809340696214e+04
1.770403088898791248e+04
1.760533430196119662e+04
1.750671880561820217e+04
1.740818487811398518e+04
1.730973300253696652e+04
1.721136366697953054e+04
1.711307736461011882e+04
1.701487459374648824e+04
1.691675585793028586e+04
1.681872166600287892e+04
1.672077253218268743e+04
1.662290897614369533e+04
1.652513152309551515e+04
1.642744070386481326e+04
1.632983705497819392e+04
1.623232111874658221e+04
1.613489344335112401e+04
1.603755458293061565e+04
1.594030509767056174e+04
1.584314555389376983e+04
1.574607652415265147e+04
1.564909858732313842e+04
1.555221232870037420e+04
1.545541834009612103e+04
1.535871721993790379e+04
1.526210957337002037e+04
1.516559601235643458e+04
1.506917715578543721e+04
1.497285362957638608e+04
1.487662606678825614e+04
1.478049510773037218e+04
1.468446140007499343e+04
1.458852559897217179e+04
1.449268836716657279e+04
1.439695037511663577e+04
1.430131230111579498e+04
1.420577483141607081e+04
1.411033866035390565e+04
1.401500449047841175e+04
1.391977303268200740e+04
1.382464500633340322e+04
1.372962113941326061e+04
1.363470216865226575e+04
1.353988883967187758e+04
1.344518190712768592e+04
1.335058213485550550e+04
1.325609029602020928e+04
1.316170717326744125e+04
1.306743355887808502e+04
1.297327025492578468e+04
1.287921807343739783e+04
1.278527783655646999e+04
1.269145037670992315e+04
1.259773653677778384e+04
1.250413717026624727e+04
1.241065314148399011e+04
1.231728532572189943e+04
1.222403460943612299e+04
1.213090189043475766e+04
1.203788807806801378e+04
1.194499409342202489e+04
1.185222086951641177e+04
1.175956935150554455e+04
1.166704049688376654e+04
1.157463527569441248e+04
1.148235467074298322e+04
1.139019967781419473e+04
1.129817130589343469e+04
1.120627057739223164e+04
1.111449852837814979e+04
1.102285620880904025e+04
1.093134468277183441e+04
1.083996502872578822e+04
1.074871833975045774e+04
1.065760572379836049e+04
1.056662830395248966e+04
1.047578721868868342e+04
1.038508362214299632e+04
1.029451868438419478e+04
1.020409359169135132e+04
1.011380954683674827e+04
1.002366776937410214e+04
9.933669495932233986e+03
9.843815980514289549e+03
9.754108494802574569e+03
9.664548328469110857e+03
9.575136789491967647e+03
9.485875204477593797e+03
9.396764918989054422e+03
9.307807297880426631e+03
9.219003725637345269e+03
9.130355606723862365e+03
9.041864365935691239e+03
8.953531448759886189e+03
8.865358321741130567e+03
8.777346472854662352e+03
8.689497411885959082e+03
8.601812670817284015e+03
8.514293804221106257e+03
8.426942389660631306e+03
8.339760028097362010e+03
8.252748344305928185e+03
8.165908987296119449e+03
8.079243630742322239e+03
7.992753973420418333e+03
7.906441739652158503e+03
7.820308679757144091e+03
7.734356570512460166e+03
7.648587215620048482e+03
7.563002446181887535e+03
7.477604121182980634e+03
7.392394127982261125e+03
7.307374382811462965e+03
7.222546831282003950e+03
7.137913448899844298e+03
7.053476241588458834e+03
6.969237246219877306e+03
6.885198531153851036e+03
6.801362196785118613e+03
6.717730376098778834e+03
6.634305235233798157e+03
6.551088974054614482e+03
6.468083826730767214e+03
6.385292062324602739e+03
6.302715985386919783e+03
6.220357936560570124e+03
6.138220293191853671e+03
6.056305469949720646e+03
5.974615919452581693e+03
5.893154132902681340e+03
5.811922640727852013e+03
5.730924013230543096e+03
5.650160861243894033e+03
5.569635836794749594e+03
5.489351633773310823e+03
5.409310988609287051e+03
5.329516680954230651e+03
5.249971534369812616e+03
5.170678417021754285e+03
5.091640242379056872e+03
5.012859969918191382e+03
4.934340605831914218e+03
4.856085203742248268e+03
4.778096865417215668e+03
4.700378741490876564e+03
4.622934032186143668e+03
4.545765988039856893e+03
4.468877910629568760e+03
4.392273153301390266e+03
4.315955121898311518e+03
4.239927275488284977e+03
4.164193127091341921e+03
4.088756244405033613e+03
4.013620250527300414e+03
3.938788824676053082e+03
3.864265702904420777e+03
3.790054678810837231e+03
3.716159604242942351e+03
3.642584389994247886e+03
3.569333006492477125e+03
3.496409484478486320e+03
3.423817915674500000e+03
3.351562453440485115e+03
3.279647313417332043e+03
3.208076774155477324e+03
3.136855177727602950e+03
3.065986930323890647e+03
2.995476502828357752e+03
2.925328431374675347e+03
2.855547317879830189e+03
2.786137830553958338e+03
2.717104704384581964e+03
2.648452741593467636e+03
2.580186812064232072e+03
2.512311853738797254e+03
2.444832872980721731e+03
2.377754944903402702e+03
2.311083213661075661e+03
2.244822892700499324e+03
2.178979264971200337e+03
2.113557683092012212e+03
2.048563569471753453e+03
1.984002416381694729e+03
1.919879785977582515e+03
1.856201310268815178e+03
1.792972691032472540e+03
1.730199699669801703e+03
1.667888177002761267e+03
1.606044033008257429e+03
1.544673246487659526e+03
1.483781864669217612e+03
1.423376002741002821e+03
1.363461843312023575e+03
1.304045635799191359e+03
1.245133695737861672e+03
1.186732404013697078e+03
1.128848206013683694e+03
1.071487610694190380e+03
1.014657189564016335e+03
9.583635755804947394e+02
9.026134619567866366e+02
8.474136008786302909e+02
7.927708021289183762e+02
7.386919316186126707e+02
6.851839098226552096e+02
6.322537101196718368e+02
5.799083570344756708e+02
5.281549243824855466e+02
4.770005333154562663e+02
4.264523502680430624e+02
3.765175848049865976e+02
3.272034873689146934e+02
2.785173469290026560e+02
2.304664885309654210e+02
1.830582707491517738e+02
1.363000830417306872e+02
9.019934301028683876e+01
4.476349356538576529e+01
0.000000000000000000e+00
