# d_m
# unit = Mpc
7.336330024410458464e+03
7.329283978625689087e+03
7.322217078386755020e+03
7.315129222124596708e+03
7.308020307589534241e+03
7.300890231845503877e+03
7.293738891264294580e+03
7.286566181519688143e+03
7.279371997581583855e+03
7.272156233709994922e+03
7.264918783449077637e+03
7.257659539621024123e+03
7.250378394319908693e+03
7.243075238905515107e+03
7.235749963997049235e+03
7.228402459466817163e+03
7.221032614433829622e+03
7.213640317257350034e+03
7.206225455530367071e+03
7.198787916073002634e+03
7.191327584925864358e+03
7.183844347343315349e+03
7.176338087786694814e+03
7.168808689917436823e+03
7.161256036590157237e+03
7.153680009845646055e+03
7.146080490903796999e+03
7.138457360156456161e+03
7.130810497160209707e+03
7.123139780629091547e+03
7.115445088427216433e+03
7.107726297561325737e+03
7.099983284173294123e+03
7.092215923532499801e+03
7.084424090028175669e+03
7.076607657161643147e+03
7.068766497538475960e+03
7.060900482860592092e+03
7.053009483918250226e+03
7.045093370581970703e+03
7.037152011794370992e+03
7.029185275561919298e+03
7.021193028946589948e+03
7.013175138057457843e+03
7.005131468042164670e+03
6.997061883078349638e+03
6.988966246364930157e+03
6.980844420113349770e+03
6.972696265538689659e+03
6.964521642850702847e+03
6.956320411244767456e+03
6.948092428892725366e+03
6.939837552933629013e+03
6.931555639464408159e+03
6.923246543530396593e+03
6.914910119115816997e+03
6.906546219134111197e+03
6.898154695418209485e+03
6.889735398710664413e+03
6.881288178653700015e+03
6.872812883779140975e+03
6.864309361498274484e+03
6.855777458091525659e+03
6.847217018698122047e+03
6.838627887305548029e+03
6.830009906738983773e+03
6.821362918650548636e+03
6.812686763508472723e+03
6.803981280586160210e+03
6.795246307951098061e+03
6.786481682453695612e+03
6.777687239715943178e+03
6.768862814120011535e+03
6.760008238796699516e+03
6.751123345613730635e+03
6.742207965163990593e+03
6.733261926753568332e+03
6.724285058389721598e+03
6.715277186768673346e+03
6.706238137263317185e+03
6.697167733910735478e+03
6.688065799399644675e+03
6.678932155057651471e+03
6.669766620838424387e+03
6.660569015308655253e+03
6.651339155634958843e+03
6.642076857570570610e+03
6.632781935441927089e+03
6.623454202135104424e+03
6.614093469082082265e+03
6.604699546246909449e+03
6.595272242111644118e+03
6.585811363662224721e+03
6.576316716374119096e+03
6.566788104197862594e+03
6.557225329544407032e+03
6.547628193270337761e+03
6.537996494662907935e+03
6.528330031424915433e+03
6.518628599659424253e+03
6.508891993854319480e+03
6.499120006866652147e+03
6.489312429906895886e+03
6.479469052522947095e+03
6.469589662583999598e+03
6.459674046264227400e+03
6.449721988026297367e+03
6.439733270604690915e+03
6.429707674988841973e+03
6.419644980406120339e+03
6.409544964304567657e+03
6.399407402335527877e+03
6.389232068336003067e+03
6.379018734310880973e+03
6.368767170414934299e+03
6.358477144934627177e+03
6.348148424269736097e+03
6.337780772914758018e+03
6.327373953440121113e+03
6.316927726473174516e+03
6.306441850679003437e+03
6.295916082741001446e+03
6.285350177341252675e+03
6.274743887140678453e+03
6.264096962758990230e+03
6.253409152754413299e+03
6.242680203603184054e+03
6.231909859678839894e+03
6.221097863231255360e+03
6.210243954365490936e+03
6.199347871020375351e+03
6.188409348946861428e+03
6.177428121686180930e+03
6.166403920547700181e+03
6.155336474586603799e+03
6.144225510581286471e+03
6.133070753010526460e+03
6.121871924030384434e+03
6.110628743450906768e+03
6.099340928712511413e+03
6.088008194862167329e+03
6.076630254529295598e+03
6.065206817901424984e+03
6.053737592699572815e+03
6.042222284153368491e+03
6.030660594975906861e+03
6.019052225338355129e+03
6.007396872844251448e+03
5.995694232503564308e+03
5.983943996706455437e+03
5.972145855196768935e+03
5.960299495045250296e+03
5.948404600622476210e+03
5.936460853571495136e+03
5.924467932780182309e+03
5.912425514353307335e+03
5.900333271584326212e+03
5.888190874926836841e+03
5.875997991965788060e+03
5.863754287388350349e+03
5.851459422954520051e+03
5.839113057467377075e+03
5.826714846743096132e+03
5.814264443580596890e+03
5.801761497730914925e+03
5.789205655866250709e+03
5.776596561548711179e+03
5.763933855198743004e+03
5.751217174063225684e+03
5.738446152183274535e+03
5.725620420361701690e+03
5.712739606130179709e+03
5.699803336683084126e+03
5.686811226877149238e+03
5.673762897298767712e+03
5.660657962059938654e+03
5.647496031832388326e+03
5.634276713812740127e+03
5.620999611687383549e+03
5.607664325596992967e+03
5.594270452100739021e+03
5.580817584140113468e+03
5.567305311002488452e+03
5.553733218284289251e+03
5.540100887853861423e+03
5.526407897813964155e+03
5.512653822464001678e+03
5.498838232261830854e+03
5.484960693785294097e+03
5.471020769693404873e+03
5.457018018687188487e+03
5.442951995470187285e+03
5.428822250708664797e+03
5.414628330991432449e+03
5.400369778789384327e+03
5.386046132414693602e+03
5.371656925979668813e+03
5.357201689355307280e+03
5.342679948129511104e+03
5.328091223564988468e+03
5.313435032556853912e+03
5.298710887589889353e+03
5.283918296695520439e+03
5.269056763408464576e+03
5.254125786723099736e+03
5.239124861049532228e+03
5.224053476169355235e+03
5.208911117191133599e+03
5.193697264505628482e+03
5.178411393740700078e+03
5.163052975715994762e+03
5.147621476397320293e+03
5.132116356850823649e+03
5.116537073196861456e+03
5.100883076563695795e+03
5.085153813040902605e+03
5.069348723632618203e+03
5.053467244210528406e+03
5.037508805466691229e+03
5.021472832866158569e+03
5.005358746599433289e+03
4.989165961534769849e+03
4.972893887170288508e+03
4.956541927586014936e+03
4.940109481395748844e+03
4.923595941698864408e+03
4.907000696032001542e+03
4.890323126320698066e+03
4.873562608830960016e+03
4.856718514120827422e+03
4.839790206991882769e+03
4.822777046440812228e+03
4.805678385610969599e+03
4.788493571743996654e+03
4.771221946131549885e+03
4.753862844067087281e+03
4.736415594797820631e+03
4.718879521476802438e+03
4.701253941115228372e+03
4.683538164534912539e+03
4.665731496321060149e+03
4.647833234775294841e+03
4.629842671869001606e+03
4.611759093197047150e+03
4.593581777931853139e+03
4.575309998777947840e+03
4.556943021926934307e+03
4.538480107013036104e+03
4.519920507069125051e+03
4.501263468483440192e+03
4.482508230956892476e+03
4.463654027461104306e+03
4.444700084197193974e+03
4.425645620555398636e+03
4.406489849075524035e+03
4.387231975408350081e+03
4.367871198278016891e+03
4.348406709445469460e+03
4.328837693673010108e+03
4.309163328690039634e+03
4.289382785160080857e+03
4.269495226649100914e+03
4.249499809595272382e+03
4.229395683280211415e+03
4.209181989801793861e+03
4.188857864048633928e+03
4.168422433676314540e+03
4.147874819085454874e+03
4.127214133401709660e+03
4.106439482457833037e+03
4.085549964777850164e+03
4.064544671563504835e+03
4.043422686683045868e+03
4.022183086662494134e+03
4.000824940679509837e+03
3.979347310559949619e+03
3.957749250777289944e+03
3.936029808455005423e+03
3.914188023372054431e+03
3.892222927971622084e+03
3.870133547373230158e+03
3.847918899388416321e+03
3.825577994540074542e+03
3.803109836085681309e+03
3.780513420044499526e+03
3.757787735228986548e+03
3.734931763280569157e+03
3.711944478709933719e+03
3.688824848942048902e+03
3.665571834366094208e+03
3.642184388390498953e+03
3.618661457503295878e+03
3.595001981337971301e+03
3.571204892745053257e+03
3.547269117869642287e+03
3.523193576235124056e+03
3.498977180833257080e+03
3.474618838220915222e+03
3.450117448623701421e+03
3.425471906046692311e+03
3.400681098392559306e+03
3.375743907587326248e+03
3.350659209714039662e+03
3.325425875154626738e+03
3.300042768740187512e+03
3.274508749910052302e+03
3.248822672879855872e+03
3.222983386818948020e+03
3.196989736037423881e+03
3.170840560183099569e+03
3.144534694448727350e+03
3.118070969789778246e+03
3.091448213153113102e+03
3.064665247716867725e+03
3.037720893141878605e+03
3.010613965834999817e+03
2.983343279224625803e+03
2.955907644048790644e+03
2.928305868656170787e+03
2.900536759320338206e+03
2.872599120567641421e+03
2.844491755519025901e+03
2.816213466246174903e+03
2.787763054142324563e+03
2.759139320308095648e+03
2.730341065952694862e+03
2.701367092810848590e+03
2.672216203575805594e+03
2.642887202348754272e+03
2.613378895105010997e+03
2.583690090177288312e+03
2.553819598756397227e+03
2.523766235409693309e+03
2.493528818617570323e+03
2.463106171328333403e+03
2.432497121531697303e+03
2.401700502851251713e+03
2.370715155156086439e+03
2.339539925191874772e+03
2.308173667231641502e+03
2.276615243746404758e+03
2.244863526095897669e+03
2.212917395239548114e+03
2.180775742467834334e+03
2.148437470154156927e+03
2.115901492527310893e+03
2.083166736464595488e+03
2.050232142305622801e+03
2.017096664686770282e+03
1.983759273396263325e+03
1.950218954249783565e+03
1.916474709986463267e+03
1.882525561185106881e+03
1.848370547200396004e+03
1.814008727118813567e+03
1.779439180733953208e+03
1.744661009540831401e+03
1.709673337748756467e+03
1.674475313312255366e+03
1.639066108979485989e+03
1.603444923357499647e+03
1.567610981993669157e+03
1.531563538472472828e+03
1.495301875526827189e+03
1.458825306163010964e+03
1.422133174798209211e+03
1.385224858409563467e+03
1.348099767693588319e+03
1.310757348234698156e+03
1.273197081681497139e+03
1.235418486929428809e+03
1.197421121308263082e+03
1.159204581772826259e+03
1.120768506095277871e+03
1.082112574057161510e+03
1.043236508639353133e+03
1.004140077207952913e+03
9.648230926940626659e+02
9.252854147653144992e+02
8.855269509869341391e+02
8.455476579700136881e+02
8.053475425046174223e+02
7.649266626752429374e+02
7.242851289560943542e+02
6.834231052835503988e+02
6.423408101031415072e+02
6.010385173882939398e+02
5.595165576280281812e+02
5.177753187807818449e+02
4.758152471914283979e+02
4.336368484685965541e+02
3.912406883193055478e+02
3.486273933379505365e+02
3.057976517466492510e+02
2.627522140839647591e+02
2.194918938390146650e+02
1.760175680280305528e+02
1.323301777104181269e+02
8.843072844145768840e+01
4.432029065879778784e+01
0.000000000000000000e+00
