# h
# unit = 1.0/Mpc
1.421332333484974205e-03
1.417141951140803071e-03
1.412955993975291208e-03
1.408774467461964327e-03
1.404597377098037525e-03
1.400424728404598080e-03
1.396256526926782171e-03
1.392092778233963539e-03
1.387933487919934972e-03
1.383778661603097615e-03
1.379628304926649182e-03
1.375482423558776080e-03
1.371341023192844876e-03
1.367204109547601578e-03
1.363071688367362881e-03
1.358943765422223260e-03
1.354820346508248596e-03
1.350701437447685872e-03
1.346587044089165479e-03
1.342477172307912203e-03
1.338371828005953824e-03
1.334271017112333840e-03
1.330174745583327873e-03
1.326083019402657685e-03
1.321995844581715833e-03
1.317913227159782505e-03
1.313835173204253417e-03
1.309761688810864898e-03
1.305692780103924608e-03
1.301628453236541600e-03
1.297568714390864419e-03
1.293513569778313331e-03
1.289463025639822971e-03
1.285417088246084555e-03
1.281375763897789821e-03
1.277339058925878882e-03
1.273306979691791975e-03
1.269279532587720997e-03
1.265256724036867980e-03
1.261238560493700960e-03
1.257225048444219175e-03
1.253216194406214356e-03
1.249212004929542647e-03
1.245212486596391967e-03
1.241217646021558268e-03
1.237227489852721568e-03
1.233242024770726548e-03
1.229261257489865740e-03
1.225285194758167278e-03
1.221313843357683514e-03
1.217347210104784616e-03
1.213385301850456073e-03
1.209428125480598590e-03
1.205475687916331444e-03
1.201527996114298879e-03
1.197585057066983443e-03
1.193646877803016936e-03
1.189713465387501768e-03
1.185784826922330146e-03
1.181860969546511290e-03
1.177941900436498641e-03
1.174027626806526184e-03
1.170118155908943030e-03
1.166213495034557979e-03
1.162313651512978437e-03
1.158418632712967990e-03
1.154528446042793997e-03
1.150643098950585594e-03
1.146762598924699721e-03
1.142886953494083894e-03
1.139016170228648525e-03
1.135150256739640750e-03
1.131289220680027153e-03
1.127433069744875407e-03
1.123581811671743287e-03
1.119735454241075267e-03
1.115894005276598039e-03
1.112057472645724705e-03
1.108225864259965469e-03
1.104399188075337254e-03
1.100577452092786537e-03
1.096760664358607633e-03
1.092948832964878549e-03
1.089141966049887288e-03
1.085340071798577893e-03
1.081543158442991714e-03
1.077751234262719739e-03
1.073964307585358394e-03
1.070182386786971192e-03
1.066405480292556031e-03
1.062633596576520499e-03
1.058866744163158933e-03
1.055104931627139433e-03
1.051348167593995882e-03
1.047596460740624286e-03
1.043849819795789318e-03
1.040108253540632591e-03
1.036371770809191338e-03
1.032640380488921003e-03
1.028914091521228227e-03
1.025192912902004065e-03
1.021476853682171072e-03
1.017765922968234295e-03
1.014060129922837467e-03
1.010359483765331133e-03
1.006663993772344452e-03
1.002973669278362651e-03
9.992885196763202915e-04
9.956085544181913008e-04
9.919337830155959025e-04
9.882642150404088565e-04
9.845998601253807062e-04
9.809407279647633631e-04
9.772868283149467507e-04
9.736381709951007603e-04
9.699947658878307595e-04
9.663566229398338602e-04
9.627237521625731835e-04
9.590961636329528844e-04
9.554738674940082459e-04
9.518568739556003281e-04
9.482451932951223251e-04
9.446388358582175244e-04
9.410378120594991083e-04
9.374421323832915313e-04
9.338518073843683201e-04
9.302668476887120987e-04
9.266872639942750484e-04
9.231130670717589909e-04
9.195442677653952552e-04
9.159808769937454690e-04
9.124229057505053864e-04
9.088703651053266046e-04
9.053232662046407746e-04
9.017816202725050618e-04
8.982454386114501008e-04
8.947147326033460558e-04
8.911895137102767046e-04
8.876697934754280506e-04
8.841555835239871264e-04
8.806468955640535910e-04
8.771437413875659639e-04
8.736461328712371828e-04
8.701540819775058829e-04
8.666676007554999272e-04
8.631867013420134894e-04
8.597113959624960635e-04
8.562416969320587115e-04
8.527776166564907199e-04
8.493191676332928442e-04
8.458663624527236729e-04
8.424192137988609523e-04
8.389777344506785250e-04
8.355419372831367122e-04
8.321118352682908012e-04
8.286874414764110273e-04
8.252687690771226114e-04
8.218558313405584844e-04
8.184486416385303338e-04
8.150472134457151544e-04
8.116515603408592551e-04
8.082616960079992870e-04
8.048776342376985594e-04
8.014993889283047145e-04
7.981269740872207370e-04
7.947604038321992755e-04
7.913996923926488883e-04
7.880448541109660952e-04
7.846959034438792452e-04
7.813528549638180812e-04
7.780157233602971820e-04
7.746845234413222807e-04
7.713592701348179420e-04
7.680399784900719369e-04
7.647266636792020593e-04
7.614193409986446271e-04
7.581180258706633670e-04
7.548227338448798736e-04
7.515334805998273799e-04
7.482502819445232840e-04
7.449731538200693231e-04
7.417021123012700707e-04
7.384371735982773457e-04
7.351783540582564145e-04
7.319256701670781053e-04
7.286791385510336906e-04
7.254387759785744898e-04
7.222045993620768416e-04
7.189766257596325559e-04
7.157548723768638677e-04
7.125393565687662559e-04
7.093300958415759815e-04
7.061271078546652730e-04
7.029304104224634239e-04
6.997400215164082489e-04
6.965559592669216078e-04
6.933782419654159392e-04
6.902068880663291993e-04
6.870419161891859298e-04
6.838833451206928048e-04
6.807311938168587873e-04
6.775854814051491138e-04
6.744462271866680106e-04
6.713134506383728510e-04
6.681871714153204056e-04
6.650674093529426907e-04
6.619541844693578375e-04
6.588475169677114260e-04
6.557474272385518639e-04
6.526539358622377492e-04
6.495670636113812279e-04
6.464868314533227939e-04
6.434132605526429521e-04
6.403463722737078164e-04
6.372861881832496194e-04
6.342327300529835427e-04
6.311860198622607594e-04
6.281460798007573645e-04
6.251129322712006007e-04
6.220865998921320562e-04
6.190671055007098940e-04
6.160544721555454495e-04
6.130487231395831968e-04
6.100498819630147595e-04
6.070579723662354208e-04
6.040730183228380399e-04
6.010950440426467579e-04
5.981240739747924456e-04
5.951601328108258818e-04
5.922032454878750586e-04
5.892534371918392404e-04
5.863107333606278017e-04
5.833751596874386372e-04
5.804467421240791817e-04
5.775255068843288464e-04
5.746114804473435216e-04
5.717046895611032319e-04
5.688051612459017487e-04
5.659129227978790299e-04
5.630280017925956169e-04
5.601504260886518106e-04
5.572802238313481543e-04
5.544174234563901526e-04
5.515620536936342985e-04
5.487141435708790945e-04
5.458737224176985750e-04
5.430408198693181115e-04
5.402154658705326119e-04
5.373976906796690614e-04
5.345875248725901569e-04
5.317849993467404406e-04
5.289901453252346094e-04
5.262029943609860486e-04
5.234235783408796010e-04
5.206519294899810898e-04
5.178880803757897767e-04
5.151320639125297422e-04
5.123839133654799725e-04
5.096436623553432608e-04
5.069113448626513200e-04
5.041869952322081691e-04
5.014706481775689723e-04
4.987623387855520543e-04
4.960621025207870207e-04
4.933699752302926926e-04
4.906859931480880019e-04
4.880101928998324310e-04
4.853426115074937737e-04
4.826832863940431649e-04
4.800322553881750456e-04
4.773895567290507109e-04
4.747552290710614262e-04
4.721293114886124156e-04
4.695118434809220824e-04
4.669028649768370599e-04
4.643024163396575611e-04
4.617105383719731916e-04
4.591272723205042376e-04
4.565526598809469656e-04
4.539867432028179455e-04
4.514295648942958815e-04
4.488811680270559062e-04
4.463415961410936847e-04
4.438108932495346635e-04
4.412891038434228839e-04
4.387762728964891942e-04
4.362724458698876416e-04
4.337776687169025893e-04
4.312919878876140395e-04
4.288154503335209417e-04
4.263481035121147373e-04
4.238899953913969590e-04
4.214411744543344884e-04
4.190016897032466177e-04
4.165715906641163251e-04
4.141509273908181759e-04
4.117397504692563962e-04
4.093381110214024425e-04
4.069460607092276194e-04
4.045636517385183873e-04
4.021909368625669863e-04
3.998279693857266438e-04
3.974748031668229624e-04
3.951314926224108086e-04
3.927980927298622841e-04
3.904746590302800302e-04
3.881612476312201482e-04
3.858579152092136196e-04
3.835647190120725666e-04
3.812817168609699148e-04
3.790089671522765737e-04
3.767465288591422034e-04
3.744944615328055270e-04
3.722528253036179262e-04
3.700216808817635141e-04
3.678010895576610487e-04
3.655911132020263831e-04
3.633918142655845557e-04
3.612032557784030057e-04
3.590255013488374575e-04
3.568586151620615804e-04
3.547026619781657310e-04
3.525577071298009822e-04
3.504238165193480003e-04
3.483010566155857798e-04
3.461894944498412072e-04
3.440891976115912666e-04
3.420002342434962550e-04
3.399226730358380962e-04
3.378565832203365938e-04
3.358020345633194455e-04
3.337590973582162568e-04
3.317278424173517818e-04
3.297083410630051036e-04
3.277006651177122591e-04
3.257048868937754450e-04
3.237210791819547886e-04
3.217493152393072859e-04
3.197896687761433076e-04
3.178422139420697184e-04
3.159070253110852957e-04
3.139841778656960293e-04
3.120737469800190776e-04
3.101758084018386248e-04
3.082904382335828497e-04
3.064177129121855203e-04
3.045577091878002326e-04
3.027105041013306453e-04
3.008761749607444030e-04
2.990547993161352938e-04
2.972464549334999221e-04
2.954512197671946370e-04
2.936691719310404055e-04
2.919003896680398536e-04
2.901449513186772004e-04
2.884029352877668251e-04
2.866744200098200550e-04
2.849594839129001959e-04
2.832582053809366948e-04
2.815706627144697028e-04
2.798969340898001018e-04
2.782370975165181616e-04
2.765912307933882748e-04
2.749594114625697125e-04
2.733417167621500911e-04
2.717382235769794053e-04
2.701490083877848970e-04
2.685741472185584097e-04
2.670137155822042497e-04
2.654677884244421317e-04
2.639364400659619577e-04
2.624197441428305897e-04
2.609177735451538712e-04
2.594306003540020273e-04
2.579582957766101531e-04
2.565009300798690790e-04
2.550585725221276982e-04
2.536312912833309360e-04
2.522191533935237728e-04
2.508222246597559594e-04
2.494405695914277588e-04
2.480742513241215451e-04
2.467233315419707597e-04
2.453878703986237951e-04
2.440679264368629000e-04
2.427635565069499312e-04
2.414748156837709739e-04
2.402017571828617116e-04
2.389444322754011513e-04
2.377028902022652369e-04
2.364771780872415878e-04
2.352673408495108023e-04
2.340734211155055919e-04
2.328954591302666007e-04
2.317334926684202730e-04
2.305875569449060804e-04
2.294576845255929425e-04
2.283439052379235398e-04
2.272462460817347546e-04
2.261647311404065171e-04
2.250993814924950453e-04
