# mu
4.782224432075635434e+01
4.781581047354575276e+01
4.780935971411970797e+01
4.780289195548114378e+01
4.779640710996802966e+01
4.778990508924669456e+01
4.778338580430493465e+01
4.777684916544517080e+01
4.777029508227742838e+01
4.776372346371223188e+01
4.775713421795347102e+01
4.775052725249112484e+01
4.774390247409387911e+01
4.773725978880170828e+01
4.773059910191831534e+01
4.772392031800346501e+01
4.771722334086527439e+01
4.771050807355236145e+01
4.770377441834587984e+01
4.769702227675148265e+01
4.769025154949116541e+01
4.768346213649500953e+01
4.767665393689282638e+01
4.766982684900562361e+01
4.766298077033710001e+01
4.765611559756483473e+01
4.764923122653159027e+01
4.764232755223626015e+01
4.763540446882488766e+01
4.762846186958146433e+01
4.762149964691860760e+01
4.761451769236819587e+01
4.760751589657174065e+01
4.760049414927077294e+01
4.759345233929698793e+01
4.758639035456233302e+01
4.757930808204889672e+01
4.757220540779870532e+01
4.756508221690339155e+01
4.755793839349365015e+01
4.755077382072862235e+01
4.754358838078509564e+01
4.753638195484660400e+01
4.752915442309226535e+01
4.752190566468559041e+01
4.751463555776309278e+01
4.750734397942267151e+01
4.750003080571194403e+01
4.749269591161634452e+01
4.748533917104705893e+01
4.747796045682881072e+01
4.747055964068746192e+01
4.746313659323745071e+01
4.745569118396902297e+01
4.744822328123532884e+01
4.744073275223924924e+01
4.743321946302015135e+01
4.742568327844035991e+01
4.741812406217147213e+01
4.741054167668045949e+01
4.740293598321557056e+01
4.739530684179207753e+01
4.738765411117769588e+01
4.737997764887794006e+01
4.737227731112114526e+01
4.736455295284333289e+01
4.735680442767282017e+01
4.734903158791461664e+01
4.734123428453462878e+01
4.733341236714350941e+01
4.732556568398042174e+01
4.731769408189644821e+01
4.730979740633777908e+01
4.730187550132868068e+01
4.729392820945417952e+01
4.728595537184244080e+01
4.727795682814698353e+01
4.726993241652853328e+01
4.726188197363664045e+01
4.725380533459100008e+01
4.724570233296248745e+01
4.723757280075392373e+01
4.722941656838050761e+01
4.722123346464996985e+01
4.721302331674240804e+01
4.720478595018980883e+01
4.719652118885525738e+01
4.718822885491180585e+01
4.717990876882102924e+01
4.717156074931121168e+01
4.716318461335524148e+01
4.715478017614806561e+01
4.714634725108390256e+01
4.713788564973299344e+01
4.712939518181799059e+01
4.712087565519006205e+01
4.711232687580448442e+01
4.710374864769590886e+01
4.709514077295321499e+01
4.708650305169395267e+01
4.707783528203838586e+01
4.706913726008306043e+01
4.706040877987399540e+01
4.705164963337939810e+01
4.704285961046193165e+01
4.703403849885053489e+01
4.702518608411177325e+01
4.701630214962068521e+01
4.700738647653115976e+01
4.699843884374585201e+01
4.698945902788549489e+01
4.698044680325780575e+01
4.697140194182578909e+01
4.696232421317550632e+01
4.695321338448333393e+01
4.694406922048263908e+01
4.693489148342984407e+01
4.692567993306998630e+01
4.691643432660161750e+01
4.690715441864109891e+01
4.689783996118630682e+01
4.688849070357967719e+01
4.687910639247061084e+01
4.686968677177721787e+01
4.686023158264737276e+01
4.685074056341908744e+01
4.684121344958020927e+01
4.683164997372734462e+01
4.682204986552407178e+01
4.681241285165844346e+01
4.680273865579962234e+01
4.679302699855384873e+01
4.678327759741954139e+01
4.677349016674155990e+01
4.676366441766469961e+01
4.675380005808628425e+01
4.674389679260791297e+01
4.673395432248624104e+01
4.672397234558297896e+01
4.671395055631385418e+01
4.670388864559663489e+01
4.669378630079824433e+01
4.668364320568075954e+01
4.667345904034653614e+01
4.666323348118216074e+01
4.665296620080143697e+01
4.664265686798719912e+01
4.663230514763207424e+01
4.662191070067807175e+01
4.661147318405502205e+01
4.660099225061778583e+01
4.659046754908229815e+01
4.657989872396031927e+01
4.656928541549292078e+01
4.655862725958265003e+01
4.654792388772437306e+01
4.653717492693473901e+01
4.652637999968022342e+01
4.651553872380375765e+01
4.650465071244985893e+01
4.649371557398827548e+01
4.648273291193606838e+01
4.647170232487812314e+01
4.646062340638604127e+01
4.644949574493534783e+01
4.643831892382101501e+01
4.642709252107124485e+01
4.641581610935948987e+01
4.640448925591453389e+01
4.639311152242885328e+01
4.638168246496493197e+01
4.637020163385965077e+01
4.635866857475700442e+01
4.634708282395185819e+01
4.633544391517645522e+01
4.632375137486785377e+01
4.631200472322800010e+01
4.630020347411517889e+01
4.628834713493314013e+01
4.627643520651771780e+01
4.626446718302103989e+01
4.625244255179316610e+01
4.624036079326108251e+01
4.622822138080510967e+01
4.621602378063243322e+01
4.620376745164786314e+01
4.619145184532175108e+01
4.617907640555478110e+01
4.616664056853983311e+01
4.615414376262061324e+01
4.614158540814710818e+01
4.612896491732763593e+01
4.611628169407759970e+01
4.610353513386461088e+01
4.609072462355005939e+01
4.607784954122699617e+01
4.606490925605416464e+01
4.605190312808609576e+01
4.603883050809923816e+01
4.602569073741382510e+01
4.601248314771160608e+01
4.599920706084905930e+01
4.598586178866618468e+01
4.597244663279056454e+01
4.595896088443666372e+01
4.594540382420025537e+01
4.593177472184763133e+01
4.591807283609973922e+01
4.590429741441084133e+01
4.589044769274160274e+01
4.587652289532657335e+01
4.586252223443565867e+01
4.584844491012957945e+01
4.583429011000909270e+01
4.582005700895771128e+01
4.580574476887779412e+01
4.579135253841977260e+01
4.577687945270432124e+01
4.576232463303718134e+01
4.574768718661650269e+01
4.573296620623239050e+01
4.571816076995842337e+01
4.570326994083487904e+01
4.568829276654344085e+01
4.567322827907304372e+01
4.565807549437661805e+01
4.564283341201837629e+01
4.562750101481139353e+01
4.561207726844511257e+01
4.559656112110244663e+01
4.558095150306608900e+01
4.556524732631378782e+01
4.554944748410200361e+01
4.553355085053773621e+01
4.551755628013803801e+01
4.550146260737675874e+01
4.548526864621805998e+01
4.546897318963637247e+01
4.545257500912205728e+01
4.543607285417257913e+01
4.541946545176834604e+01
4.540275150583294561e+01
4.538592969667692500e+01
4.536899868042482353e+01
4.535195708842451978e+01
4.533480352663852386e+01
4.531753657501629817e+01
4.530015478684701691e+01
4.528265668809204669e+01
4.526504077669628145e+01
4.524730552187750021e+01
4.522944936339311539e+01
4.521147071078304691e+01
4.519336794258820333e+01
4.517513940554324137e+01
4.515678341374283633e+01
4.513829824778022015e+01
4.511968215385701342e+01
4.510093334286302991e+01
4.508204998942494512e+01
4.506303023092249305e+01
4.504387216647076286e+01
4.502457385586732386e+01
4.500513331850255838e+01
4.498554853223167527e+01
4.496581743220674809e+01
4.494593790966712987e+01
4.492590781068621197e+01
4.490572493487285755e+01
4.488538703402536356e+01
4.486489181073577015e+01
4.484423691694244951e+01
4.482341995242842358e+01
4.480243846326314383e+01
4.478128994018486253e+01
4.475997181692105897e+01
4.473848146844384388e+01
4.471681620915737199e+01
4.469497329101391614e+01
4.467294990155524204e+01
4.465074316187556747e+01
4.462835012450236150e+01
4.460576777119077718e+01
4.458299301062753273e+01
4.456002267603962252e+01
4.453685352270294828e+01
4.451348222534585375e+01
4.448990537544204216e+01
4.446611947838711387e+01
4.444212095055250700e+01
4.441790611621047447e+01
4.439347120432294957e+01
4.436881234518705241e+01
4.434392556692932885e+01
4.431880679184034477e+01
4.429345183254061169e+01
4.426785638796855693e+01
4.424201603918000814e+01
4.421592624494873291e+01
4.418958233715608230e+01
4.416297951595760907e+01
4.413611284471313922e+01
4.410897724466632042e+01
4.408156748935825675e+01
4.405387819875893740e+01
4.402590383309901512e+01
4.399763868638301290e+01
4.396907687956384336e+01
4.394021235335684850e+01
4.391103886066997575e+01
4.388154995862491603e+01
4.385173900014206794e+01
4.382159912505988331e+01
4.379112325075720946e+01
4.376030406224417391e+01
4.372913400168481246e+01
4.369760525731133782e+01
4.366570975168662727e+01
4.363343912926791290e+01
4.360078474322061481e+01
4.356773764142671013e+01
4.353428855162727018e+01
4.350042786563336961e+01
4.346614562253367353e+01
4.343143149082042953e+01
4.339627474934824392e+01
4.336066426703233390e+01
4.332458848118353956e+01
4.328803537436792226e+01
4.325099244966769163e+01
4.321344670420778300e+01
4.317538460079897789e+01
4.313679203753323321e+01
4.309765431514961165e+01
4.305795610197039025e+01
4.301768139618537390e+01
4.297681348523839517e+01
4.293533490204279701e+01
4.289322737772232585e+01
4.285047179053896116e+01
4.280704811063056070e+01
4.276293534013625219e+01
4.271811144823757189e+01
4.267255330058556240e+01
4.262623658251843750e+01
4.257913571539957331e+01
4.253122376531921134e+01
4.248247234330445110e+01
4.243285149606811757e+01
4.238232958619508395e+01
4.233087316051222615e+01
4.227844680521073428e+01
4.222501298608290199e+01
4.217053187199429942e+01
4.211496113942907726e+01
4.205825575561366492e+01
4.200036773733157247e+01
4.194124588207726845e+01
4.188083546764497811e+01
4.181907791558938925e+01
4.175591041320672048e+01
4.169126548773555641e+01
4.162507052533123186e+01
4.155724722597702936e+01
4.148771098379996403e+01
4.141637018018163019e+01
4.134312537449455505e+01
4.126786837412372932e+01
4.119048116148022132e+01
4.111083465075741117e+01
4.102878724092238372e+01
4.094418312347897171e+01
4.085685029334790386e+01
4.076659819805093576e+01
4.067321494325143760e+01
4.057646395018873875e+01
4.047607993066814203e+01
4.037176400521127562e+01
4.026317773565348546e+01
4.014993576891791349e+01
4.003159668499912982e+01
3.990765149588035854e+01
3.977750903241492608e+01
3.964047715045570186e+01
3.949573823319460075e+01
3.934231677727191112e+01
3.917903577936811388e+01
3.900445693250825485e+01
3.881679683696237504e+01
3.861380666698140374e+01
3.839259432303946085e+01
3.814935256120194396e+01
3.787892632108240321e+01
3.757408961889931476e+01
3.722426124783471124e+01
3.681303892402644351e+01
3.631294677752104860e+01
3.567248060215775496e+01
3.477601687129916286e+01
3.325461986838805473e+01
-inf
