# ee
3.573005273938179016e-02
4.867404326796531677e-02
4.500906914472579956e-02
3.214321658015251160e-02
1.900553330779075623e-02
1.031064987182617188e-02
6.231157574802637100e-03
4.789432976394891739e-03
4.157118964940309525e-03
3.550072433426976204e-03
3.002698533236980438e-03
2.660205587744712830e-03
2.608312759548425674e-03
2.740174531936645508e-03
2.934389514848589897e-03
3.203898202627897263e-03
3.593683475628495216e-03
4.142553079873323441e-03
4.876525606960058212e-03
5.776632111519575119e-03
6.818416994065046310e-03
8.000461384654045105e-03
9.326112456619739532e-03
1.079474017024040222e-02
1.240559201687574387e-02
1.416138093918561935e-02
1.606677472591400146e-02
1.813078857958316803e-02
2.036779001355171204e-02
2.280920185148715973e-02
2.548050880432128906e-02
2.836634218692779541e-02
3.144688159227371216e-02
3.472533822059631348e-02
3.821470960974693298e-02
4.194414615631103516e-02
4.593855142593383789e-02
5.018972605466842651e-02
5.468121543526649475e-02
5.940149724483489990e-02
6.435883790254592896e-02
6.956647336483001709e-02
7.503762841224670410e-02
8.078551292419433594e-02
8.682087808847427368e-02
9.314461797475814819e-02
9.975513815879821777e-02
1.066508740186691284e-01
1.138302162289619446e-01
1.212921291589736938e-01
1.290377974510192871e-01
1.370689272880554199e-01
1.453872323036193848e-01
1.539944261312484741e-01
1.628917008638381958e-01
1.720780730247497559e-01
1.815520823001861572e-01
1.913122236728668213e-01
2.013569772243499756e-01
2.116842865943908691e-01
2.222898304462432861e-01
2.331686168909072876e-01
2.443157434463500977e-01
2.557262778282165527e-01
2.673952877521514893e-01
2.793179154396057129e-01
2.914893031120300293e-01
3.039046525955200195e-01
3.165591061115264893e-01
3.294472396373748779e-01
3.425612449645996094e-01
3.558926880359649658e-01
3.694332242012023926e-01
3.831743896007537842e-01
3.971075415611267090e-01
4.112226665019989014e-01
4.255094826221466064e-01
4.399577081203460693e-01
4.545570611953735352e-01
4.692970514297485352e-01
4.841661751270294189e-01
4.991527497768402100e-01
5.142450928688049316e-01
5.294314026832580566e-01
5.447002053260803223e-01
5.600398778915405273e-01
5.754390358924865723e-01
5.908862352371215820e-01
6.063700318336486816e-01
6.218786239624023438e-01
6.373983621597290039e-01
6.529153585433959961e-01
6.684154868125915527e-01
6.838847994804382324e-01
6.993094086647033691e-01
7.146752476692199707e-01
7.299683094024658203e-01
7.451746463775634766e-01
7.602801918983459473e-01
7.752710580825805664e-01
7.901332378387451172e-01
8.048527240753173828e-01
8.194154500961303711e-01
8.338075280189514160e-01
8.480149507522583008e-01
8.620236515998840332e-01
8.758198618888854980e-01
8.893892168998718262e-01
9.027181267738342285e-01
9.157929420471191406e-01
9.286023378372192383e-01
9.411356449127197266e-01
9.533823132514953613e-01
9.653313755989074707e-01
9.769722223281860352e-01
9.882940649986267090e-01
9.992864131927490234e-01
1.009938240051269531e+00
1.020238995552062988e+00
1.030177831649780273e+00
1.039744257926940918e+00
1.048927307128906250e+00
1.057716488838195801e+00
1.066100835800170898e+00
1.074069738388061523e+00
1.081612586975097656e+00
1.088718414306640625e+00
1.095376729965209961e+00
1.101576685905456543e+00
1.107309341430664062e+00
1.112572431564331055e+00
1.117365598678588867e+00
1.121688127517700195e+00
1.125539779663085938e+00
1.128920078277587891e+00
1.131828308105468750e+00
1.134264111518859863e+00
1.136227130889892578e+00
1.137716650962829590e+00
1.138732314109802246e+00
1.139273762702941895e+00
1.139340281486511230e+00
1.138931512832641602e+00
1.138046979904174805e+00
1.136686205863952637e+00
1.134848594665527344e+00
1.132533907890319824e+00
1.129741430282592773e+00
1.126470804214477539e+00
1.122724056243896484e+00
1.118513584136962891e+00
1.113854289054870605e+00
1.108761310577392578e+00
1.103249311447143555e+00
1.097333431243896484e+00
1.091028571128845215e+00
1.084349632263183594e+00
1.077311635017395020e+00
1.069929480552673340e+00
1.062218070030212402e+00
1.054192543029785156e+00
1.045867562294006348e+00
1.037258386611938477e+00
1.028379678726196289e+00
1.019246578216552734e+00
1.009873986244201660e+00
1.000276684761047363e+00
9.904699325561523438e-01
9.804683923721313477e-01
9.702872037887573242e-01
9.599411487579345703e-01
9.494453668594360352e-01
9.388146996498107910e-01
9.280639886856079102e-01
9.172113537788391113e-01
9.062864780426025391e-01
8.953222036361694336e-01
8.843511939048767090e-01
8.734064102172851562e-01
8.625205755233764648e-01
8.517263531684875488e-01
8.410565853118896484e-01
8.305440545082092285e-01
8.202216625213623047e-01
8.101220130920410156e-01
8.002779483795166016e-01
7.907222509384155273e-01
7.814877629280090332e-01
7.726071476936340332e-01
7.641132473945617676e-01
7.560388445854187012e-01
7.484167218208312988e-01
7.412796616554260254e-01
7.346604466438293457e-01
7.285917997360229492e-01
7.231065034866333008e-01
7.182374596595764160e-01
7.140173316001892090e-01
7.104789018630981445e-01
7.076553702354431152e-01
7.055812478065490723e-01
7.042912840843200684e-01
7.038204073905944824e-01
7.042034268379211426e-01
7.054753303527832031e-01
7.076708078384399414e-01
7.108247876167297363e-01
7.149721384048461914e-01
7.201477289199829102e-01
7.263863682746887207e-01
7.337229847908020020e-01
7.421922683715820312e-01
7.518293261528015137e-01
7.626687884330749512e-01
7.747456431388854980e-01
7.880946993827819824e-01
8.027507662773132324e-01
8.187488317489624023e-01
8.361236453056335449e-01
8.549100756645202637e-01
8.751429915428161621e-01
8.968573212623596191e-01
9.200876951217651367e-01
9.448692798614501953e-01
9.712367057800292969e-01
9.992249608039855957e-01
1.028868794441223145e+00
1.060203075408935547e+00
1.093262791633605957e+00
1.128082633018493652e+00
1.164697527885437012e+00
1.203142285346984863e+00
1.243451952934265137e+00
1.285660982131958008e+00
1.329804778099060059e+00
1.375917673110961914e+00
1.424034953117370605e+00
1.474191069602966309e+00
1.526421189308166504e+00
1.580760121345520020e+00
1.637242555618286133e+00
1.695903420448303223e+00
1.756777763366699219e+00
1.819900274276733398e+00
1.885305643081665039e+00
1.953029036521911621e+00
2.023105144500732422e+00
2.095568895339965820e+00
2.170454978942871094e+00
2.247790575027465820e+00
2.327570199966430664e+00
2.409781217575073242e+00
2.494409799575805664e+00
2.581443548202514648e+00
2.670868873596191406e+00
2.762672901153564453e+00
2.856842279434204102e+00
2.953364133834838867e+00
3.052225351333618164e+00
3.153412342071533203e+00
3.256912946701049805e+00
3.362713098526000977e+00
3.470799922943115234e+00
3.581161022186279297e+00
3.693782329559326172e+00
3.808651208877563477e+00
3.925754070281982422e+00
4.045078277587890625e+00
4.166611194610595703e+00
4.290338516235351562e+00
4.416247844696044922e+00
4.544326305389404297e+00
4.674559593200683594e+00
4.806936264038085938e+00
4.941441535949707031e+00
5.078063964843750000e+00
5.216789245605468750e+00
5.357604503631591797e+00
5.500496864318847656e+00
5.645452976226806641e+00
5.792459487915039062e+00
5.941504001617431641e+00
6.092573165893554688e+00
6.245653629302978516e+00
6.400732040405273438e+00
6.557795524597167969e+00
6.716831207275390625e+00
6.877826213836669922e+00
7.040766239166259766e+00
7.205639362335205078e+00
7.372432231903076172e+00
7.541131496429443359e+00
7.711724281311035156e+00
7.884196281433105469e+00
8.058536529541015625e+00
8.234729766845703125e+00
8.412764549255371094e+00
8.592627525329589844e+00
8.774304389953613281e+00
8.957773208618164062e+00
9.142971038818359375e+00
9.329827308654785156e+00
9.518269538879394531e+00
9.708226203918457031e+00
9.899624824523925781e+00
1.009239292144775391e+01
1.028646087646484375e+01
1.048175430297851562e+01
1.067820262908935547e+01
1.087573432922363281e+01
1.107427692413330078e+01
1.127375793457031250e+01
1.147410678863525391e+01
1.167525196075439453e+01
1.187711906433105469e+01
1.207963848114013672e+01
1.228273773193359375e+01
1.248634433746337891e+01
1.269038867950439453e+01
1.289479637145996094e+01
1.309949588775634766e+01
1.330441570281982422e+01
1.350948524475097656e+01
1.371463012695312500e+01
1.391978073120117188e+01
1.412486553192138672e+01
1.432981014251708984e+01
1.453454494476318359e+01
1.473899650573730469e+01
1.494309329986572266e+01
1.514676475524902344e+01
1.534993648529052734e+01
1.555253982543945312e+01
1.575449943542480469e+01
1.595574760437011719e+01
1.615620803833007812e+01
1.635581207275390625e+01
1.655448722839355469e+01
1.675216102600097656e+01
1.694875907897949219e+01
1.714421463012695312e+01
1.733845329284667969e+01
1.753140449523925781e+01
1.772299385070800781e+01
1.791314888000488281e+01
1.810180282592773438e+01
1.828887939453125000e+01
1.847430801391601562e+01
1.865801620483398438e+01
1.883993530273437500e+01
1.902000808715820312e+01
1.919817733764648438e+01
1.937438774108886719e+01
1.954858589172363281e+01
1.972071266174316406e+01
1.989071655273437500e+01
2.005854034423828125e+01
2.022412681579589844e+01
2.038742256164550781e+01
2.054837226867675781e+01
2.070691680908203125e+01
2.086300659179687500e+01
2.101658058166503906e+01
2.116758728027343750e+01
2.131596946716308594e+01
2.146167182922363281e+01
2.160463714599609375e+01
2.174481201171875000e+01
2.188214111328125000e+01
2.201656723022460938e+01
2.214803695678710938e+01
2.227649307250976562e+01
2.240188026428222656e+01
2.252414321899414062e+01
2.264322853088378906e+01
2.275907707214355469e+01
2.287163352966308594e+01
2.298084449768066406e+01
2.308665466308593750e+01
2.318900871276855469e+01
2.328784942626953125e+01
2.338312149047851562e+01
2.347476959228515625e+01
2.356273841857910156e+01
2.364697265625000000e+01
2.372741699218750000e+01
2.380401611328125000e+01
2.387671279907226562e+01
2.394545364379882812e+01
2.401018142700195312e+01
2.407084083557128906e+01
2.412737846374511719e+01
2.417973709106445312e+01
2.422785949707031250e+01
2.427169227600097656e+01
2.431118011474609375e+01
2.434626770019531250e+01
2.437689781188964844e+01
2.440301895141601562e+01
2.442458534240722656e+01
2.444161605834960938e+01
2.445415306091308594e+01
2.446222686767578125e+01
2.446586990356445312e+01
2.446512031555175781e+01
2.446001243591308594e+01
2.445057868957519531e+01
2.443685722351074219e+01
2.441888046264648438e+01
2.439668464660644531e+01
2.437030029296875000e+01
2.433976936340332031e+01
2.430512046813964844e+01
2.426639366149902344e+01
2.422361946105957031e+01
2.417683219909667969e+01
2.412607002258300781e+01
2.407136535644531250e+01
2.401275444030761719e+01
2.395026969909667969e+01
2.388394927978515625e+01
2.381382560729980469e+01
2.373993492126464844e+01
2.366230773925781250e+01
2.358098411560058594e+01
2.349599838256835938e+01
2.340738105773925781e+01
2.331517028808593750e+01
2.321940040588378906e+01
2.312010574340820312e+01
2.301732254028320312e+01
2.291108131408691406e+01
2.280142211914062500e+01
2.268837547302246094e+01
2.257197761535644531e+01
2.245226478576660156e+01
2.232927131652832031e+01
2.220303153991699219e+01
2.207357788085937500e+01
2.194094657897949219e+01
2.180517578125000000e+01
2.166629600524902344e+01
2.152434158325195312e+01
2.137935256958007812e+01
2.123135757446289062e+01
2.108039665222167969e+01
2.092649841308593750e+01
2.076970481872558594e+01
2.061004447937011719e+01
2.044756889343261719e+01
2.028236579895019531e+01
2.011454582214355469e+01
1.994421386718750000e+01
1.977147293090820312e+01
1.959642982482910156e+01
1.941918945312500000e+01
1.923985862731933594e+01
1.905854225158691406e+01
1.887534332275390625e+01
1.869037246704101562e+01
1.850372886657714844e+01
1.831552505493164062e+01
1.812585830688476562e+01
1.793484115600585938e+01
1.774257469177246094e+01
1.754916763305664062e+01
1.735472297668457031e+01
1.715934562683105469e+01
1.696314430236816406e+01
1.676622200012207031e+01
1.656868362426757812e+01
1.637063598632812500e+01
1.617218399047851562e+01
1.597343444824218750e+01
1.577449035644531250e+01
1.557545948028564453e+01
1.537644481658935547e+01
1.517755413055419922e+01
1.497889232635498047e+01
1.478056430816650391e+01
1.458267593383789062e+01
1.438533306121826172e+01
1.418863868713378906e+01
1.399270153045654297e+01
1.379762554168701172e+01
1.360351562500000000e+01
1.341047859191894531e+01
1.321861839294433594e+01
1.302804183959960938e+01
1.283885288238525391e+01
1.265115833282470703e+01
1.246506309509277344e+01
1.228067302703857422e+01
1.209809303283691406e+01
1.191742897033691406e+01
1.173878574371337891e+01
1.156227016448974609e+01
1.138798522949218750e+01
1.121603870391845703e+01
1.104652881622314453e+01
1.087953281402587891e+01
1.071511840820312500e+01
1.055335807800292969e+01
1.039432048797607422e+01
1.023807525634765625e+01
1.008469390869140625e+01
9.934246063232421875e+00
9.786800384521484375e+00
9.642427444458007812e+00
9.501198768615722656e+00
9.363182067871093750e+00
9.228448867797851562e+00
9.097068786621093750e+00
8.969111442565917969e+00
8.844646453857421875e+00
8.723746299743652344e+00
8.606478691101074219e+00
8.492914199829101562e+00
8.383121490478515625e+00
8.277173042297363281e+00
8.175138473510742188e+00
8.077086448669433594e+00
7.983086585998535156e+00
7.893211364746093750e+00
7.807528018951416016e+00
7.726109027862548828e+00
7.649022102355957031e+00
7.576339244842529297e+00
7.508128643035888672e+00
7.444461822509765625e+00
7.385407924652099609e+00
7.331037521362304688e+00
7.281420230865478516e+00
7.236626148223876953e+00
7.196725368499755859e+00
7.161787986755371094e+00
7.131883144378662109e+00
7.107081890106201172e+00
7.087453842163085938e+00
7.073069572448730469e+00
7.063998222351074219e+00
7.060309886932373047e+00
7.062075138092041016e+00
7.069363117218017578e+00
7.082245349884033203e+00
7.100790500640869141e+00
7.125068664550781250e+00
7.155149936676025391e+00
7.191104888916015625e+00
7.232984066009521484e+00
7.280758857727050781e+00
7.334383487701416016e+00
7.393809795379638672e+00
7.458991527557373047e+00
7.529881000518798828e+00
7.606431961059570312e+00
7.688597202301025391e+00
7.776328563690185547e+00
7.869580745697021484e+00
7.968305587768554688e+00
8.072456359863281250e+00
8.181985855102539062e+00
8.296848297119140625e+00
8.416993141174316406e+00
8.542377471923828125e+00
8.672952651977539062e+00
8.808670997619628906e+00
8.949485778808593750e+00
9.095351219177246094e+00
9.246217727661132812e+00
9.402040481567382812e+00
9.562771797180175781e+00
9.728364944458007812e+00
9.898771286010742188e+00
1.007394599914550781e+01
1.025384140014648438e+01
1.043840980529785156e+01
1.062760353088378906e+01
1.082137775421142578e+01
1.101968288421630859e+01
1.122247409820556641e+01
1.142970371246337891e+01
1.164132308959960938e+01
1.185728740692138672e+01
1.207754802703857422e+01
1.230206012725830078e+01
1.253077316284179688e+01
1.276364326477050781e+01
1.300062179565429688e+01
1.324166202545166016e+01
1.348671817779541016e+01
1.373574066162109375e+01
1.398868465423583984e+01
1.424550151824951172e+01
1.450614643096923828e+01
1.477056980133056641e+01
1.503872585296630859e+01
1.531056785583496094e+01
1.558604812622070312e+01
1.586510562896728516e+01
1.614762878417968750e+01
1.643349075317382812e+01
1.672256469726562500e+01
1.701472663879394531e+01
1.730984497070312500e+01
1.760779762268066406e+01
1.790845680236816406e+01
1.821169662475585938e+01
1.851738929748535156e+01
1.882540893554687500e+01
1.913563156127929688e+01
1.944792747497558594e+01
1.976217269897460938e+01
2.007823944091796875e+01
2.039600181579589844e+01
2.071533203125000000e+01
2.103610610961914062e+01
2.135819625854492188e+01
2.168147659301757812e+01
2.200581932067871094e+01
2.233110046386718750e+01
2.265719223022460938e+01
2.298396682739257812e+01
2.331130027770996094e+01
2.363906478881835938e+01
2.396713447570800781e+01
2.429538345336914062e+01
2.462368392944335938e+01
2.495191192626953125e+01
2.527993774414062500e+01
2.560763740539550781e+01
2.593488502502441406e+01
2.626154899597167969e+01
2.658751106262207031e+01
2.691263771057128906e+01
2.723680877685546875e+01
2.755989074707031250e+01
2.788176345825195312e+01
2.820229911804199219e+01
2.852136802673339844e+01
2.883884620666503906e+01
2.915460777282714844e+01
2.946852684020996094e+01
2.978047370910644531e+01
3.009032630920410156e+01
3.039795494079589844e+01
3.070323371887207031e+01
3.100603866577148438e+01
3.130623817443847656e+01
3.160371780395507812e+01
3.189838790893554688e+01
3.219016265869140625e+01
3.247896575927734375e+01
3.276470947265625000e+01
3.304731369018554688e+01
3.332669067382812500e+01
3.360276412963867188e+01
3.387545394897460938e+01
3.414467239379882812e+01
3.441033935546875000e+01
3.467237091064453125e+01
3.493068313598632812e+01
3.518519973754882812e+01
3.543582916259765625e+01
3.568249893188476562e+01
3.592512512207031250e+01
3.616361618041992188e+01
3.639789581298828125e+01
3.662788772583007812e+01
3.685350036621093750e+01
3.707465362548828125e+01
3.729126739501953125e+01
3.750325775146484375e+01
3.771054077148437500e+01
3.791304016113281250e+01
3.811066818237304688e+01
3.830334091186523438e+01
3.849098205566406250e+01
3.867350387573242188e+01
3.885082244873046875e+01
3.902286148071289062e+01
3.918953704833984375e+01
3.935076904296875000e+01
3.950646591186523438e+01
3.965655136108398438e+01
3.980094909667968750e+01
3.993956756591796875e+01
4.007232284545898438e+01
4.019914245605468750e+01
4.031993484497070312e+01
4.043462371826171875e+01
4.054312133789062500e+01
4.064535140991210938e+01
4.074123001098632812e+01
4.083066940307617188e+01
4.091358947753906250e+01
4.098991394042968750e+01
4.105955505371093750e+01
4.112242889404296875e+01
4.117847824096679688e+01
4.122772598266601562e+01
4.127021789550781250e+01
4.130599975585937500e+01
4.133511352539062500e+01
4.135761260986328125e+01
4.137353897094726562e+01
4.138293075561523438e+01
4.138584899902343750e+01
4.138232421875000000e+01
4.137241363525390625e+01
4.135615921020507812e+01
4.133359909057617188e+01
4.130479049682617188e+01
4.126977157592773438e+01
4.122858810424804688e+01
4.118129348754882812e+01
4.112792587280273438e+01
4.106853103637695312e+01
4.100315475463867188e+01
4.093185043334960938e+01
4.085465621948242188e+01
4.077161788940429688e+01
4.068278121948242188e+01
4.058819580078125000e+01
4.048790359497070312e+01
4.038195037841796875e+01
4.027038192749023438e+01
4.015324783325195312e+01
4.003059005737304688e+01
3.990245437622070312e+01
3.976888656616210938e+01
3.962993240356445312e+01
3.948563766479492188e+01
3.933604812622070312e+01
3.918121337890625000e+01
3.902117156982421875e+01
3.885597229003906250e+01
3.868566513061523438e+01
3.851028823852539062e+01
3.832988739013671875e+01
3.814451599121093750e+01
3.795421600341796875e+01
3.775902938842773438e+01
3.755900573730468750e+01
3.735419082641601562e+01
3.714462661743164062e+01
3.693036270141601562e+01
3.671144485473632812e+01
3.648791503906250000e+01
3.625983428955078125e+01
3.602732467651367188e+01
3.579051589965820312e+01
3.554953765869140625e+01
3.530452728271484375e+01
3.505561065673828125e+01
3.480292129516601562e+01
3.454659271240234375e+01
3.428676223754882812e+01
3.402355194091796875e+01
3.375709915161132812e+01
3.348753738403320312e+01
3.321499633789062500e+01
3.293961334228515625e+01
3.266151046752929688e+01
3.238082885742187500e+01
3.209769439697265625e+01
3.181224441528320312e+01
3.152461051940917969e+01
3.123492050170898438e+01
3.094330787658691406e+01
3.064991188049316406e+01
3.035485076904296875e+01
3.005826950073242188e+01
2.976029777526855469e+01
2.946105957031250000e+01
2.916069984436035156e+01
2.885933876037597656e+01
2.855711555480957031e+01
2.825415992736816406e+01
2.795060157775878906e+01
2.764657783508300781e+01
2.734221839904785156e+01
2.703765487670898438e+01
2.673302078247070312e+01
2.642844581604003906e+01
2.612406730651855469e+01
2.582001113891601562e+01
2.551641082763671875e+01
2.521340370178222656e+01
2.491111373901367188e+01
2.460968017578125000e+01
2.430923271179199219e+01
2.400990104675292969e+01
2.371181869506835938e+01
2.341512107849121094e+01
2.311993598937988281e+01
2.282639694213867188e+01
2.253463745117187500e+01
2.224478912353515625e+01
2.195697784423828125e+01
2.167130279541015625e+01
2.138786315917968750e+01
2.110675239562988281e+01
2.082806777954101562e+01
2.055190086364746094e+01
2.027835083007812500e+01
2.000751304626464844e+01
1.973948287963867188e+01
1.947435379028320312e+01
1.921222114562988281e+01
1.895318412780761719e+01
1.869733428955078125e+01
1.844477081298828125e+01
1.819558525085449219e+01
1.794987678527832031e+01
1.770773887634277344e+01
1.746926689147949219e+01
1.723455810546875000e+01
1.700370597839355469e+01
1.677680587768554688e+01
1.655395507812500000e+01
1.633524703979492188e+01
1.612078094482421875e+01
1.591064929962158203e+01
1.570494747161865234e+01
1.550377178192138672e+01
1.530721759796142578e+01
1.511538124084472656e+01
1.492835712432861328e+01
1.474623966217041016e+01
1.456912803649902344e+01
1.439711380004882812e+01
1.423029518127441406e+01
1.406876564025878906e+01
1.391262340545654297e+01
1.376196098327636719e+01
1.361687564849853516e+01
1.347746181488037109e+01
1.334381580352783203e+01
1.321603393554687500e+01
1.309420967102050781e+01
1.297843933105468750e+01
1.286882019042968750e+01
1.276544570922851562e+01
1.266841125488281250e+01
1.257781410217285156e+01
1.249374771118164062e+01
1.241630935668945312e+01
1.234559345245361328e+01
1.228167343139648438e+01
1.222453689575195312e+01
1.217414760589599609e+01
1.213046932220458984e+01
1.209346866607666016e+01
1.206310939788818359e+01
1.203935432434082031e+01
1.202217006683349609e+01
1.201152038574218750e+01
1.200736999511718750e+01
1.200968360900878906e+01
1.201842498779296875e+01
1.203355979919433594e+01
1.205505180358886719e+01
1.208286476135253906e+01
1.211696529388427734e+01
1.215731716156005859e+01
1.220388412475585938e+01
1.225663089752197266e+01
1.231552314758300781e+01
1.238052463531494141e+01
1.245159912109375000e+01
1.252871227264404297e+01
1.261182785034179688e+01
1.270091247558593750e+01
1.279592800140380859e+01
1.289683914184570312e+01
1.300361251831054688e+01
1.311621093750000000e+01
1.323460006713867188e+01
1.335874366760253906e+01
1.348860645294189453e+01
1.362415409088134766e+01
1.376534938812255859e+01
1.391215801239013672e+01
1.406454277038574219e+01
1.422247028350830078e+01
1.438590526580810547e+01
1.455480957031250000e+01
1.472915077209472656e+01
1.490889167785644531e+01
1.509399700164794922e+01
1.528443336486816406e+01
1.548016166687011719e+01
1.568114852905273438e+01
1.588735961914062500e+01
1.609875869750976562e+01
1.631530761718750000e+01
1.653697395324707031e+01
1.676372146606445312e+01
1.699550056457519531e+01
1.723219680786132812e+01
1.747368240356445312e+01
1.771983146667480469e+01
1.797051429748535156e+01
1.822560119628906250e+01
1.848497009277343750e+01
1.874848747253417969e+01
1.901603126525878906e+01
1.928746795654296875e+01
1.956267166137695312e+01
1.984151458740234375e+01
2.012386894226074219e+01
2.040960884094238281e+01
2.069860458374023438e+01
2.099072837829589844e+01
2.128585243225097656e+01
2.158384895324707031e+01
2.188459014892578125e+01
2.218794631958007812e+01
2.249379539489746094e+01
2.280200195312500000e+01
2.311244392395019531e+01
2.342498970031738281e+01
2.373951530456542969e+01
2.405589103698730469e+01
2.437398529052734375e+01
2.469367790222167969e+01
2.501483345031738281e+01
2.533732986450195312e+01
2.566103553771972656e+01
2.598582458496093750e+01
2.631156730651855469e+01
2.663813972473144531e+01
2.696541023254394531e+01
2.729325103759765625e+01
2.762153816223144531e+01
2.795013999938964844e+01
2.827892875671386719e+01
2.860777854919433594e+01
2.893655776977539062e+01
2.926514816284179688e+01
2.959340858459472656e+01
2.992122077941894531e+01
3.024845314025878906e+01
3.057497978210449219e+01
3.090067100524902344e+01
3.122539901733398438e+01
3.154903793334960938e+01
3.187145996093750000e+01
3.219253921508789062e+01
3.251217651367187500e+01
3.283027267456054688e+01
3.314673233032226562e+01
3.346146392822265625e+01
3.377436447143554688e+01
3.408533859252929688e+01
3.439428710937500000e+01
3.470111846923828125e+01
3.500573348999023438e+01
3.530804061889648438e+01
3.560793304443359375e+01
3.590532302856445312e+01
3.620010757446289062e+01
3.649219894409179688e+01
3.678149032592773438e+01
3.706789016723632812e+01
3.735129928588867188e+01
3.763162231445312500e+01
3.790876388549804688e+01
3.818262481689453125e+01
3.845311737060546875e+01
3.872013092041015625e+01
3.898357772827148438e+01
3.924335861206054688e+01
3.949937820434570312e+01
3.975153732299804688e+01
3.999974060058593750e+01
4.024389648437500000e+01
4.048389816284179688e+01
4.071965789794921875e+01
4.095107269287109375e+01
4.117805099487304688e+01
4.140049362182617188e+01
4.161830520629882812e+01
4.183138275146484375e+01
4.203963851928710938e+01
4.224297332763671875e+01
4.244129180908203125e+01
4.263449096679687500e+01
4.282248306274414062e+01
4.300516128540039062e+01
4.318243408203125000e+01
4.335420989990234375e+01
4.352038192749023438e+01
4.368086242675781250e+01
4.383555221557617188e+01
4.398435211181640625e+01
4.412716293334960938e+01
4.426389694213867188e+01
4.439447021484375000e+01
4.451887130737304688e+01
4.463711166381835938e+01
4.474919891357421875e+01
4.485513687133789062e+01
4.495494079589843750e+01
4.504861450195312500e+01
4.513616561889648438e+01
4.521760940551757812e+01
4.529294204711914062e+01
4.536218261718750000e+01
4.542533493041992188e+01
4.548240661621093750e+01
4.553340148925781250e+01
4.557834243774414062e+01
4.561721801757812500e+01
4.565005111694335938e+01
4.567684936523437500e+01
4.569760894775390625e+01
4.571235275268554688e+01
4.572107696533203125e+01
4.572379684448242188e+01
4.572052001953125000e+01
4.571125411987304688e+01
4.569600677490234375e+01
4.567478179931640625e+01
4.564759445190429688e+01
4.561444854736328125e+01
4.557535552978515625e+01
4.553032302856445312e+01
4.547935485839843750e+01
4.542246246337890625e+01
4.535965728759765625e+01
4.529094314575195312e+01
4.521632385253906250e+01
4.513582229614257812e+01
4.504943084716796875e+01
4.495716857910156250e+01
4.485903549194335938e+01
4.475504302978515625e+01
4.464520263671875000e+01
4.452952194213867188e+01
4.440800476074218750e+01
4.428066253662109375e+01
4.414750289916992188e+01
4.400853347778320312e+01
4.386376190185546875e+01
4.371319961547851562e+01
4.355684661865234375e+01
4.339472198486328125e+01
4.322684478759765625e+01
4.305331039428710938e+01
4.287422180175781250e+01
4.268970108032226562e+01
4.249984741210937500e+01
4.230477905273437500e+01
4.210459899902343750e+01
4.189942169189453125e+01
4.168935394287109375e+01
4.147451019287109375e+01
4.125499343872070312e+01
4.103091812133789062e+01
4.080239868164062500e+01
4.056953811645507812e+01
4.033244705200195312e+01
4.009123611450195312e+01
3.984601974487304688e+01
3.959690475463867188e+01
3.934399795532226562e+01
3.908740997314453125e+01
3.882725524902343750e+01
3.856364440917968750e+01
3.829668045043945312e+01
3.802647781372070312e+01
3.775314712524414062e+01
3.747679519653320312e+01
3.719753646850585938e+01
3.691547775268554688e+01
3.663072586059570312e+01
3.634339904785156250e+01
3.605360031127929688e+01
3.576144027709960938e+01
3.546703720092773438e+01
3.517048645019531250e+01
3.487191009521484375e+01
3.457141494750976562e+01
3.426910781860351562e+01
3.396510314941406250e+01
3.365950775146484375e+01
3.335243225097656250e+01
3.304399108886718750e+01
3.273428344726562500e+01
3.242342758178710938e+01
3.211153793334960938e+01
3.179870986938476562e+01
3.148506736755371094e+01
3.117071342468261719e+01
3.085575675964355469e+01
3.054031181335449219e+01
3.022448921203613281e+01
2.990839004516601562e+01
2.959212493896484375e+01
2.927579307556152344e+01
2.895948791503906250e+01
2.864332008361816406e+01
2.832738685607910156e+01
2.801178359985351562e+01
2.769661712646484375e+01
2.738199043273925781e+01
2.706799697875976562e+01
2.675473976135253906e+01
2.644232368469238281e+01
2.613084602355957031e+01
2.582040596008300781e+01
2.551111030578613281e+01
2.520305442810058594e+01
2.489633941650390625e+01
2.459107017517089844e+01
2.428734397888183594e+01
2.398526000976562500e+01
2.368492317199707031e+01
2.338643264770507812e+01
2.308988952636718750e+01
2.279539299011230469e+01
2.250304603576660156e+01
2.221294784545898438e+01
2.192519760131835938e+01
2.163990211486816406e+01
2.135715293884277344e+01
2.107706069946289062e+01
2.079971885681152344e+01
2.052523040771484375e+01
2.025369834899902344e+01
1.998522186279296875e+01
1.971990203857421875e+01
1.945783805847167969e+01
1.919913101196289062e+01
1.894388389587402344e+01
1.869219398498535156e+01
1.844416618347167969e+01
1.819989776611328125e+01
1.795949172973632812e+01
1.772304916381835938e+01
1.749066734313964844e+01
1.726245117187500000e+01
1.703849792480468750e+01
1.681891059875488281e+01
1.660379028320312500e+01
1.639323806762695312e+01
1.618735122680664062e+01
1.598622035980224609e+01
1.578986549377441406e+01
1.559829902648925781e+01
1.541153049468994141e+01
1.522956943511962891e+01
1.505242252349853516e+01
1.488010311126708984e+01
1.471261978149414062e+01
1.454998207092285156e+01
1.439219856262207031e+01
1.423928070068359375e+01
1.409123611450195312e+01
1.394807624816894531e+01
1.380980873107910156e+01
1.367644596099853516e+01
1.354799461364746094e+01
1.342446517944335938e+01
1.330586814880371094e+01
1.319221210479736328e+01
1.308350753784179688e+01
1.297976303100585938e+01
1.288099002838134766e+01
1.278719615936279297e+01
1.269839191436767578e+01
1.261458683013916016e+01
1.253579044342041016e+01
1.246201133728027344e+01
1.239326190948486328e+01
1.232954883575439453e+01
1.227088260650634766e+01
1.221727466583251953e+01
1.216873168945312500e+01
1.212526512145996094e+01
1.208688354492187500e+01
1.205359840393066406e+01
1.202541732788085938e+01
1.200234985351562500e+01
1.198440742492675781e+01
1.197159862518310547e+01
1.196393299102783203e+01
1.196141910552978516e+01
1.196406936645507812e+01
1.197188949584960938e+01
1.198489284515380859e+01
1.200308704376220703e+01
1.202648162841796875e+01
1.205508708953857422e+01
1.208891296386718750e+01
1.212796688079833984e+01
1.217226219177246094e+01
1.222179031372070312e+01
1.227648639678955078e+01
1.233627223968505859e+01
1.240106391906738281e+01
1.247078514099121094e+01
1.254535293579101562e+01
1.262468719482421875e+01
1.270870780944824219e+01
1.279733657836914062e+01
1.289048957824707031e+01
1.298808860778808594e+01
1.309005355834960938e+01
1.319630241394042969e+01
1.330675697326660156e+01
1.342133522033691406e+01
1.353995704650878906e+01
1.366254329681396484e+01
1.378901290893554688e+01
1.391928482055664062e+01
1.405328083038330078e+01
1.419091892242431641e+01
1.433211898803710938e+01
1.447679996490478516e+01
1.462488269805908203e+01
1.477628803253173828e+01
1.493093204498291016e+01
1.508873748779296875e+01
1.524962234497070312e+01
1.541350936889648438e+01
1.558031463623046875e+01
1.574995899200439453e+01
1.592236232757568359e+01
1.609744262695312500e+01
1.627512359619140625e+01
1.645532035827636719e+01
1.663795471191406250e+01
1.682294845581054688e+01
1.701021957397460938e+01
1.719968414306640625e+01
1.739126777648925781e+01
1.758488464355468750e+01
1.778046035766601562e+01
1.797790908813476562e+01
1.817715263366699219e+01
1.837811279296875000e+01
1.858070564270019531e+01
1.878485298156738281e+01
1.899047470092773438e+01
1.919748878479003906e+01
1.940581512451171875e+01
1.961537551879882812e+01
1.982607460021972656e+01
2.003782653808593750e+01
2.025053787231445312e+01
2.046411705017089844e+01
2.067847442626953125e+01
2.089351654052734375e+01
2.110915565490722656e+01
2.132529830932617188e+01
2.154185485839843750e+01
2.175873374938964844e+01
2.197584342956542969e+01
2.219309425354003906e+01
2.241039276123046875e+01
2.262765121459960938e+01
2.284477615356445312e+01
2.306167602539062500e+01
2.327826118469238281e+01
2.349444198608398438e+01
2.371012306213378906e+01
2.392521858215332031e+01
2.413963317871093750e+01
2.435327911376953125e+01
2.456606292724609375e+01
2.477789306640625000e+01
2.498867988586425781e+01
2.519833564758300781e+01
2.540676307678222656e+01
2.561387443542480469e+01
2.581958007812500000e+01
2.602378463745117188e+01
2.622640037536621094e+01
2.642733573913574219e+01
2.662650108337402344e+01
2.682380104064941406e+01
2.701914787292480469e+01
2.721245193481445312e+01
2.740361785888671875e+01
2.759255599975585938e+01
2.777917861938476562e+01
2.796339225769042969e+01
2.814510154724121094e+01
2.832422447204589844e+01
2.850066184997558594e+01
2.867432785034179688e+01
2.884512901306152344e+01
2.901297950744628906e+01
2.917778015136718750e+01
2.933944129943847656e+01
2.949787712097167969e+01
2.965300178527832031e+01
2.980478668212890625e+01
2.995320320129394531e+01
3.009823226928710938e+01
3.023984909057617188e+01
3.037802886962890625e+01
3.051275253295898438e+01
3.064399147033691406e+01
3.077172279357910156e+01
3.089593124389648438e+01
3.101658630371093750e+01
3.113366508483886719e+01
3.124714660644531250e+01
3.135700607299804688e+01
3.146322059631347656e+01
3.156576728820800781e+01
3.166462516784667969e+01
3.175976562500000000e+01
3.185116958618164062e+01
3.193881416320800781e+01
3.202267456054687500e+01
3.210272598266601562e+01
3.217894744873046875e+01
3.225131607055664062e+01
3.231980895996093750e+01
3.238439941406250000e+01
3.244506454467773438e+01
3.250178909301757812e+01
3.255453872680664062e+01
3.260329818725585938e+01
3.264804077148437500e+01
3.268874359130859375e+01
3.272538375854492188e+01
3.275793838500976562e+01
3.278638076782226562e+01
3.281069564819335938e+01
3.283085250854492188e+01
3.284682846069335938e+01
3.285860443115234375e+01
3.286615753173828125e+01
3.286945724487304688e+01
3.286849212646484375e+01
3.286322402954101562e+01
3.285364151000976562e+01
3.283971786499023438e+01
3.282143020629882812e+01
3.279875183105468750e+01
3.277166366577148438e+01
3.274014282226562500e+01
3.270416259765625000e+01
3.266371536254882812e+01
3.261884307861328125e+01
3.256959533691406250e+01
3.251603317260742188e+01
3.245820999145507812e+01
3.239617538452148438e+01
3.232999038696289062e+01
3.225970840454101562e+01
3.218538284301757812e+01
3.210706710815429688e+01
3.202481460571289062e+01
3.193868637084960938e+01
3.184873008728027344e+01
3.175500297546386719e+01
3.165756034851074219e+01
3.155645751953125000e+01
3.145174789428710938e+01
3.134348297119140625e+01
3.123172569274902344e+01
3.111652374267578125e+01
3.099793243408203125e+01
3.087600708007812500e+01
3.075080490112304688e+01
3.062237930297851562e+01
3.049078178405761719e+01
3.035606956481933594e+01
3.021829795837402344e+01
3.007752037048339844e+01
2.993378829956054688e+01
2.978716468811035156e+01
2.963769721984863281e+01
2.948544311523437500e+01
2.933045578002929688e+01
2.917279052734375000e+01
2.901250457763671875e+01
2.884964752197265625e+01
2.868427658081054688e+01
2.851644706726074219e+01
2.834621047973632812e+01
2.817362594604492188e+01
2.799874496459960938e+01
2.782162475585937500e+01
2.764231872558593750e+01
2.746087837219238281e+01
2.727736091613769531e+01
2.709182167053222656e+01
2.690431785583496094e+01
2.671489715576171875e+01
2.652362060546875000e+01
2.633053779602050781e+01
2.613571166992187500e+01
2.593921089172363281e+01
2.574111557006835938e+01
2.554149818420410156e+01
2.534043693542480469e+01
2.513800811767578125e+01
2.493428802490234375e+01
2.472935104370117188e+01
2.452327728271484375e+01
2.431613922119140625e+01
2.410801696777343750e+01
2.389898109436035156e+01
2.368911361694335938e+01
2.347848701477050781e+01
2.326717948913574219e+01
2.305526542663574219e+01
2.284282302856445312e+01
2.262993049621582031e+01
2.241665840148925781e+01
2.220308876037597656e+01
2.198929214477539062e+01
2.177535057067871094e+01
2.156133842468261719e+01
2.134733009338378906e+01
2.113340187072753906e+01
2.091963005065917969e+01
2.070609474182128906e+01
2.049286651611328125e+01
2.028002738952636719e+01
2.006764984130859375e+01
1.985581016540527344e+01
1.964458656311035156e+01
1.943405342102050781e+01
1.922428703308105469e+01
1.901536560058593750e+01
1.880736541748046875e+01
1.860036087036132812e+01
1.839442825317382812e+01
1.818964385986328125e+01
1.798608589172363281e+01
1.778382873535156250e+01
1.758295059204101562e+01
1.738352394104003906e+01
1.718563079833984375e+01
1.698933982849121094e+01
1.679473495483398438e+01
1.660188865661621094e+01
1.641087532043457031e+01
1.622177505493164062e+01
1.603466415405273438e+01
1.584960746765136719e+01
1.566664791107177734e+01
1.548581504821777344e+01
1.530714225769042969e+01
1.513065910339355469e+01
1.495639991760253906e+01
1.478439331054687500e+01
1.461467361450195312e+01
1.444727230072021484e+01
1.428221988677978516e+01
1.411954784393310547e+01
1.395928859710693359e+01
1.380147457122802734e+01
1.364613819122314453e+01
1.349330711364746094e+01
1.334301662445068359e+01
1.319529819488525391e+01
1.305018234252929688e+01
1.290770053863525391e+01
1.276788711547851562e+01
1.263077068328857422e+01
1.249638366699218750e+01
1.236475849151611328e+01
1.223592758178710938e+01
1.210992050170898438e+01
1.198677062988281250e+01
1.186650943756103516e+01
1.174916839599609375e+01
1.163477897644042969e+01
1.152337360382080078e+01
1.141498279571533203e+01
1.130963897705078125e+01
1.120737361907958984e+01
1.110821914672851562e+01
1.101220703125000000e+01
1.091936874389648438e+01
1.082973575592041016e+01
1.074333953857421875e+01
1.066021251678466797e+01
1.058038616180419922e+01
1.050389194488525391e+01
1.043076229095458984e+01
1.036102771759033203e+01
1.029472160339355469e+01
1.023187351226806641e+01
1.017251586914062500e+01
1.011668300628662109e+01
1.006440258026123047e+01
1.001570892333984375e+01
9.970632553100585938e+00
9.929194450378417969e+00
9.891373634338378906e+00
9.857136726379394531e+00
9.826451301574707031e+00
9.799283981323242188e+00
9.775602340698242188e+00
9.755373001098632812e+00
9.738565444946289062e+00
9.725143432617187500e+00
9.715077400207519531e+00
9.708332061767578125e+00
9.704875946044921875e+00
9.704677581787109375e+00
9.707701683044433594e+00
9.713916778564453125e+00
9.723290443420410156e+00
9.735788345336914062e+00
9.751379966735839844e+00
9.770031929016113281e+00
9.791709899902343750e+00
9.816382408142089844e+00
9.844017028808593750e+00
9.874581336975097656e+00
9.908040046691894531e+00
9.944362640380859375e+00
9.983516693115234375e+00
1.002546691894531250e+01
1.007018375396728516e+01
1.011763286590576172e+01
1.016778087615966797e+01
1.022059631347656250e+01
1.027604484558105469e+01
1.033409595489501953e+01
1.039471530914306641e+01
1.045787048339843750e+01
1.052352809906005859e+01
1.059165668487548828e+01
1.066222190856933594e+01
1.073519420623779297e+01
1.081053733825683594e+01
1.088821887969970703e+01
1.096820831298828125e+01
1.105047035217285156e+01
1.113497447967529297e+01
1.122168636322021484e+01
1.131057453155517578e+01
1.140160465240478516e+01
1.149474620819091797e+01
1.158996391296386719e+01
1.168722629547119141e+01
1.178649616241455078e+01
1.188771724700927734e+01
1.199082851409912109e+01
1.209577083587646484e+01
1.220248222351074219e+01
1.231090354919433594e+01
1.242097377777099609e+01
1.253263092041015625e+01
1.264581680297851562e+01
1.276046943664550781e+01
1.287652873992919922e+01
1.299393272399902344e+01
1.311262416839599609e+01
1.323253917694091797e+01
1.335361957550048828e+01
1.347580432891845703e+01
1.359903144836425781e+01
1.372324275970458984e+01
1.384837532043457031e+01
1.397437095642089844e+01
1.410116767883300781e+01
1.422870349884033203e+01
1.435692119598388672e+01
1.448575782775878906e+01
1.461515522003173828e+01
1.474505043029785156e+01
1.487538337707519531e+01
1.500609397888183594e+01
1.513712406158447266e+01
1.526840782165527344e+01
1.539988899230957031e+01
1.553150653839111328e+01
1.566319847106933594e+01
1.579490470886230469e+01
1.592656421661376953e+01
1.605811882019042969e+01
1.618950462341308594e+01
1.632066535949707031e+01
1.645153617858886719e+01
1.658205795288085938e+01
1.671217346191406250e+01
1.684181594848632812e+01
1.697093009948730469e+01
1.709945487976074219e+01
1.722732543945312500e+01
1.735448646545410156e+01
1.748087501525878906e+01
1.760643196105957031e+01
1.773109245300292969e+01
1.785479927062988281e+01
1.797749900817871094e+01
1.809914970397949219e+01
1.821971511840820312e+01
1.833915901184082031e+01
1.845745277404785156e+01
1.857455635070800781e+01
1.869043922424316406e+01
1.880506134033203125e+01
1.891839218139648438e+01
1.903039550781250000e+01
1.914103507995605469e+01
1.925027656555175781e+01
1.935808944702148438e+01
1.946443176269531250e+01
1.956927490234375000e+01
1.967258071899414062e+01
1.977431488037109375e+01
1.987444305419921875e+01
1.997293090820312500e+01
2.006974029541015625e+01
2.016484260559082031e+01
2.025819587707519531e+01
2.034977149963378906e+01
2.043953132629394531e+01
2.052744293212890625e+01
2.061346626281738281e+01
2.069757270812988281e+01
2.077972412109375000e+01
2.085988616943359375e+01
2.093802452087402344e+01
2.101410484313964844e+01
2.108809089660644531e+01
2.115994644165039062e+01
2.122964096069335938e+01
2.129713630676269531e+01
2.136240005493164062e+01
2.142539596557617188e+01
2.148608779907226562e+01
2.154444503784179688e+01
2.160042953491210938e+01
2.165400505065917969e+01
2.170514106750488281e+01
2.175379943847656250e+01
2.179994583129882812e+01
2.184354782104492188e+01
2.188456535339355469e+01
2.192297172546386719e+01
2.195872306823730469e+01
2.199179077148437500e+01
2.202213859558105469e+01
2.204973983764648438e+01
2.207460021972656250e+01
2.209673309326171875e+01
2.211615753173828125e+01
2.213288307189941406e+01
2.214692878723144531e+01
2.215830612182617188e+01
2.216703033447265625e+01
2.217311668395996094e+01
2.217658042907714844e+01
2.217743492126464844e+01
2.217569351196289062e+01
2.217137336730957031e+01
2.216448974609375000e+01
2.215505599975585938e+01
2.214308547973632812e+01
2.212859344482421875e+01
2.211159515380859375e+01
2.209210586547851562e+01
2.207013893127441406e+01
2.204570770263671875e+01
2.201883125305175781e+01
2.198952102661132812e+01
2.195779037475585938e+01
2.192365837097167969e+01
2.188713645935058594e+01
2.184823799133300781e+01
2.180698013305664062e+01
2.176337623596191406e+01
2.171744155883789062e+01
2.166919326782226562e+01
2.161863899230957031e+01
2.156580162048339844e+01
2.151068878173828125e+01
2.145331954956054688e+01
2.139370727539062500e+01
2.133186721801757812e+01
2.126781272888183594e+01
2.120155715942382812e+01
2.113311958312988281e+01
2.106250953674316406e+01
2.098974609375000000e+01
2.091484069824218750e+01
2.083781051635742188e+01
2.075866699218750000e+01
2.067742729187011719e+01
2.059410667419433594e+01
2.050871849060058594e+01
2.042127609252929688e+01
2.033179473876953125e+01
2.024029541015625000e+01
2.014681816101074219e+01
2.005140113830566406e+01
1.995409584045410156e+01
1.985494232177734375e+01
1.975398826599121094e+01
1.965127182006835938e+01
1.954684066772460938e+01
1.944074058532714844e+01
1.933301353454589844e+01
1.922370147705078125e+01
1.911285209655761719e+01
1.900050735473632812e+01
1.888671302795410156e+01
1.877151489257812500e+01
1.865495109558105469e+01
1.853707122802734375e+01
1.841791725158691406e+01
1.829753303527832031e+01
1.817596244812011719e+01
1.805325317382812500e+01
1.792944335937500000e+01
1.780458068847656250e+01
1.767870903015136719e+01
1.755187225341796875e+01
1.742411422729492188e+01
1.729548072814941406e+01
1.716601181030273438e+01
1.703575515747070312e+01
1.690475463867187500e+01
1.677305412292480469e+01
1.664069366455078125e+01
1.650772476196289062e+01
1.637418556213378906e+01
1.624012374877929688e+01
1.610557937622070312e+01
1.597060298919677734e+01
1.583523273468017578e+01
1.569951343536376953e+01
1.556349372863769531e+01
1.542721271514892578e+01
1.529071521759033203e+01
1.515404796600341797e+01
1.501725292205810547e+01
1.488037586212158203e+01
1.474345779418945312e+01
1.460654735565185547e+01
1.446968460083007812e+01
1.433291625976562500e+01
1.419628429412841797e+01
1.405983257293701172e+01
1.392359638214111328e+01
1.378761100769042969e+01
1.365190601348876953e+01
1.351651954650878906e+01
1.338148307800292969e+01
1.324683094024658203e+01
1.311259651184082031e+01
1.297881507873535156e+01
1.284551906585693359e+01
1.271274280548095703e+01
1.258051967620849609e+01
1.244888401031494141e+01
1.231786918640136719e+01
1.218750953674316406e+01
1.205783748626708984e+01
1.192888927459716797e+01
1.180069637298583984e+01
1.167329311370849609e+01
1.154671382904052734e+01
1.142099285125732422e+01
1.129616355895996094e+01
1.117225837707519531e+01
1.104931259155273438e+01
1.092735958099365234e+01
1.080643272399902344e+01
1.068656730651855469e+01
1.056779575347900391e+01
1.045015144348144531e+01
1.033367061614990234e+01
1.021838378906250000e+01
1.010432720184326172e+01
9.991533279418945312e+00
9.880037307739257812e+00
9.769871711730957031e+00
9.661070823669433594e+00
9.553667068481445312e+00
9.447696685791015625e+00
9.343192100524902344e+00
9.240188598632812500e+00
9.138716697692871094e+00
9.038812637329101562e+00
8.940510749816894531e+00
8.843843460083007812e+00
8.748845100402832031e+00
8.655549049377441406e+00
8.563989639282226562e+00
8.474200248718261719e+00
8.386215209960937500e+00
8.300067901611328125e+00
8.215785980224609375e+00
8.133373260498046875e+00
8.052827835083007812e+00
7.974147796630859375e+00
7.897329807281494141e+00
7.822372436523437500e+00
7.749273777008056641e+00
7.678030490875244141e+00
7.608641147613525391e+00
7.541103363037109375e+00
7.475415229797363281e+00
7.411573886871337891e+00
7.349576950073242188e+00
7.289422988891601562e+00
7.231109619140625000e+00
7.174633502960205078e+00
7.119993686676025391e+00
7.067187786102294922e+00
7.016213417053222656e+00
6.967067718505859375e+00
6.919749259948730469e+00
6.874255657196044922e+00
6.830583572387695312e+00
6.788732528686523438e+00
6.748699188232421875e+00
6.710481166839599609e+00
6.674077510833740234e+00
6.639484882354736328e+00
6.606700897216796875e+00
6.575724124908447266e+00
6.546552181243896484e+00
6.519182205200195312e+00
6.493612289428710938e+00
6.469840526580810547e+00
6.447864055633544922e+00
6.427680969238281250e+00
6.409289360046386719e+00
6.392686843872070312e+00
6.377870559692382812e+00
6.364839076995849609e+00
6.353590011596679688e+00
6.344120025634765625e+00
6.336428642272949219e+00
6.330512523651123047e+00
6.326369762420654297e+00
6.323997974395751953e+00
6.323394775390625000e+00
6.324558734893798828e+00
6.327486515045166016e+00
6.332176685333251953e+00
6.338622570037841797e+00
6.346802234649658203e+00
6.356689453125000000e+00
6.368257522583007812e+00
6.381480693817138672e+00
6.396332263946533203e+00
6.412785530090332031e+00
6.430815696716308594e+00
6.450395107269287109e+00
6.471498489379882812e+00
6.494099140167236328e+00
6.518170356750488281e+00
6.543686866760253906e+00
6.570621490478515625e+00
6.598948478698730469e+00
6.628641605377197266e+00
6.659673690795898438e+00
6.692019939422607422e+00
6.725653171539306641e+00
6.760547161102294922e+00
6.796676158905029297e+00
6.834013462066650391e+00
6.872532844543457031e+00
6.912208557128906250e+00
6.953013420104980469e+00
6.994921684265136719e+00
7.037907123565673828e+00
7.081943035125732422e+00
7.127004146575927734e+00
7.173062324523925781e+00
7.220094203948974609e+00
7.268070697784423828e+00
7.316967487335205078e+00
7.366757392883300781e+00
7.417413711547851562e+00
7.468911170959472656e+00
7.521223068237304688e+00
7.574323177337646484e+00
7.628185749053955078e+00
7.682784080505371094e+00
7.738090991973876953e+00
7.794081687927246094e+00
7.850729465484619141e+00
7.908007621765136719e+00
7.965889930725097656e+00
8.024350166320800781e+00
8.083363533020019531e+00
8.142900466918945312e+00
8.202938079833984375e+00
8.263449668884277344e+00
8.324404716491699219e+00
8.385769844055175781e+00
8.447508811950683594e+00
8.509582519531250000e+00
8.571954727172851562e+00
8.634589195251464844e+00
8.697446823120117188e+00
8.760493278503417969e+00
8.823689460754394531e+00
8.886999130249023438e+00
8.950385093688964844e+00
9.013810157775878906e+00
9.077237129211425781e+00
9.140629768371582031e+00
9.203949928283691406e+00
9.267161369323730469e+00
9.330226898193359375e+00
9.393109321594238281e+00
9.455771446228027344e+00
9.518176078796386719e+00
9.580286026000976562e+00
9.642066001892089844e+00
9.703476905822753906e+00
9.764482498168945312e+00
9.825044631958007812e+00
9.885128021240234375e+00
9.944694519042968750e+00
1.000370788574218750e+01
1.006212997436523438e+01
1.011992359161376953e+01
1.017705345153808594e+01
1.023348140716552734e+01
1.028917026519775391e+01
1.034408187866210938e+01
1.039818191528320312e+01
1.045143127441406250e+01
1.050379276275634766e+01
1.055523109436035156e+01
1.060570812225341797e+01
1.065518665313720703e+01
1.070362949371337891e+01
1.075099945068359375e+01
1.079726028442382812e+01
1.084237480163574219e+01
1.088630485534667969e+01
1.092901515960693359e+01
1.097046756744384766e+01
1.101062488555908203e+01
1.104944992065429688e+01
1.108690643310546875e+01
1.112296867370605469e+01
1.115765190124511719e+01
1.119098567962646484e+01
1.122299766540527344e+01
1.125371646881103516e+01
1.128316974639892578e+01
1.131138610839843750e+01
1.133839321136474609e+01
1.136421871185302734e+01
1.138889122009277344e+01
1.141244029998779297e+01
1.143489074707031250e+01
1.145627403259277344e+01
1.147661685943603516e+01
1.149594593048095703e+01
1.151429271697998047e+01
1.153168201446533203e+01
1.154814529418945312e+01
1.156370639801025391e+01
1.157839775085449219e+01
1.159224414825439453e+01
1.160527610778808594e+01
1.161751937866210938e+01
1.162900447845458984e+01
1.163975811004638672e+01
1.164980888366699219e+01
1.165918445587158203e+01
1.166791343688964844e+01
1.167602443695068359e+01
1.168354415893554688e+01
1.169050121307373047e+01
1.169692516326904297e+01
1.170284175872802734e+01
1.170828151702880859e+01
1.171327018737792969e+01
1.171783733367919922e+01
1.172201156616210938e+01
1.172581958770751953e+01
1.172929000854492188e+01
1.173245143890380859e+01
1.173533248901367188e+01
1.173795890808105469e+01
1.174036121368408203e+01
1.174256610870361328e+01
1.174460315704345703e+01
1.174649906158447266e+01
1.174828243255615234e+01
1.174998188018798828e+01
1.175162410736083984e+01
1.175323963165283203e+01
