# te
2.867957592010498047e+00
3.289020299911499023e+00
3.145897150039672852e+00
2.728330850601196289e+00
2.232633352279663086e+00
1.769808411598205566e+00
1.398579120635986328e+00
1.132409691810607910e+00
9.657965302467346191e-01
8.845556378364562988e-01
8.703396320343017578e-01
8.991097807884216309e-01
9.481584429740905762e-01
1.005457282066345215e+00
1.063274502754211426e+00
1.120386600494384766e+00
1.177456140518188477e+00
1.236181378364562988e+00
1.297964811325073242e+00
1.361988425254821777e+00
1.427458405494689941e+00
1.495897531509399414e+00
1.567880630493164062e+00
1.637874722480773926e+00
1.700256347656250000e+00
1.755149006843566895e+00
1.803280830383300781e+00
1.842048645019531250e+00
1.869314074516296387e+00
1.888125300407409668e+00
1.902029752731323242e+00
1.911381006240844727e+00
1.915169239044189453e+00
1.910126924514770508e+00
1.893432021141052246e+00
1.866304516792297363e+00
1.830399274826049805e+00
1.785068631172180176e+00
1.729089856147766113e+00
1.661454558372497559e+00
1.582013607025146484e+00
1.490832805633544922e+00
1.387977600097656250e+00
1.273513555526733398e+00
1.147446393966674805e+00
1.009540796279907227e+00
8.595016598701477051e-01
6.970336437225341797e-01
5.218414664268493652e-01
3.336545825004577637e-01
1.323015093803405762e-01
-8.236446231603622437e-02
-3.104900717735290527e-01
-5.522220134735107422e-01
-8.076574206352233887e-01
-1.076694607734680176e+00
-1.359182476997375488e+00
-1.654969573020935059e+00
-1.963904738426208496e+00
-2.285888195037841797e+00
-2.621027708053588867e+00
-2.969481229782104492e+00
-3.331408262252807617e+00
-3.706967353820800781e+00
-4.096230506896972656e+00
-4.498921394348144531e+00
-4.914679050445556641e+00
-5.343139171600341797e+00
-5.783940315246582031e+00
-6.236783027648925781e+00
-6.701620101928710938e+00
-7.178469657897949219e+00
-7.667347908020019531e+00
-8.168272018432617188e+00
-8.681164741516113281e+00
-9.205570220947265625e+00
-9.740940093994140625e+00
-1.028672218322753906e+01
-1.084236907958984375e+01
-1.140738010406494141e+01
-1.198145866394042969e+01
-1.256435680389404297e+01
-1.315582847595214844e+01
-1.375562477111816406e+01
-1.436348438262939453e+01
-1.497907924652099609e+01
-1.560206604003906250e+01
-1.623210334777832031e+01
-1.686884498596191406e+01
-1.751192474365234375e+01
-1.816087722778320312e+01
-1.881521034240722656e+01
-1.947443389892578125e+01
-2.013805580139160156e+01
-2.080558776855468750e+01
-2.147653388977050781e+01
-2.215040779113769531e+01
-2.282671928405761719e+01
-2.350497245788574219e+01
-2.418467903137207031e+01
-2.486535072326660156e+01
-2.554649353027343750e+01
-2.622761535644531250e+01
-2.690822792053222656e+01
-2.758783721923828125e+01
-2.826595687866210938e+01
-2.894209480285644531e+01
-2.961575698852539062e+01
-3.028645896911621094e+01
-3.095368766784667969e+01
-3.161689376831054688e+01
-3.227550888061523438e+01
-3.292896652221679688e+01
-3.357669448852539062e+01
-3.421812820434570312e+01
-3.485269927978515625e+01
-3.547984313964843750e+01
-3.609898757934570312e+01
-3.670956802368164062e+01
-3.731101226806640625e+01
-3.790275573730468750e+01
-3.848423004150390625e+01
-3.905487060546875000e+01
-3.961410522460937500e+01
-4.016136550903320312e+01
-4.069608688354492188e+01
-4.121770095825195312e+01
-4.172563552856445312e+01
-4.221932983398437500e+01
-4.269823074340820312e+01
-4.316186141967773438e+01
-4.360976028442382812e+01
-4.404146957397460938e+01
-4.445653533935546875e+01
-4.485449218750000000e+01
-4.523487854003906250e+01
-4.559724044799804688e+01
-4.594111251831054688e+01
-4.626604461669921875e+01
-4.657157135009765625e+01
-4.685723114013671875e+01
-4.712257003784179688e+01
-4.736712646484375000e+01
-4.759044265747070312e+01
-4.779205703735351562e+01
-4.797151184082031250e+01
-4.812834548950195312e+01
-4.826210021972656250e+01
-4.837231826782226562e+01
-4.845858764648437500e+01
-4.852068328857421875e+01
-4.855843353271484375e+01
-4.857166671752929688e+01
-4.856020736694335938e+01
-4.852388000488281250e+01
-4.846251296997070312e+01
-4.837593078613281250e+01
-4.826396179199218750e+01
-4.812643051147460938e+01
-4.796316909790039062e+01
-4.777399444580078125e+01
-4.755873489379882812e+01
-4.731721878051757812e+01
-4.704927825927734375e+01
-4.675473022460937500e+01
-4.643340301513671875e+01
-4.608512878417968750e+01
-4.570972442626953125e+01
-4.530702209472656250e+01
-4.487684631347656250e+01
-4.441902160644531250e+01
-4.393338012695312500e+01
-4.341974639892578125e+01
-4.287794113159179688e+01
-4.230783843994140625e+01
-4.170948791503906250e+01
-4.108297729492187500e+01
-4.042840194702148438e+01
-3.974585342407226562e+01
-3.903542327880859375e+01
-3.829720687866210938e+01
-3.753129196166992188e+01
-3.673777389526367188e+01
-3.591673660278320312e+01
-3.506828308105468750e+01
-3.419250106811523438e+01
-3.328948593139648438e+01
-3.235932159423828125e+01
-3.140210533142089844e+01
-3.041792869567871094e+01
-2.940688705444335938e+01
-2.836906814575195312e+01
-2.730456733703613281e+01
-2.621347045898437500e+01
-2.509587860107421875e+01
-2.395187759399414062e+01
-2.278156089782714844e+01
-2.158502197265625000e+01
-2.036235237121582031e+01
-1.911373138427734375e+01
-1.783971023559570312e+01
-1.654091644287109375e+01
-1.521798992156982422e+01
-1.387156295776367188e+01
-1.250227069854736328e+01
-1.111074638366699219e+01
-9.697627067565917969e+00
-8.263546943664550781e+00
-6.809140205383300781e+00
-5.335041046142578125e+00
-3.841884374618530273e+00
-2.330305814743041992e+00
-8.009390830993652344e-01
7.455806136131286621e-01
2.308618783950805664e+00
3.887540340423583984e+00
5.481711387634277344e+00
7.090496540069580078e+00
8.713261604309082031e+00
1.034937095642089844e+01
1.199819087982177734e+01
1.365908527374267578e+01
1.533142185211181641e+01
1.701456451416015625e+01
1.870787811279296875e+01
2.041072845458984375e+01
2.212248039245605469e+01
2.384250068664550781e+01
2.557015228271484375e+01
2.730480194091796875e+01
2.904581451416015625e+01
3.079255867004394531e+01
3.254439544677734375e+01
3.430068969726562500e+01
3.606081008911132812e+01
3.782411575317382812e+01
3.958998107910156250e+01
4.135776519775390625e+01
4.312683486938476562e+01
4.489655685424804688e+01
4.666629409790039062e+01
4.843541336059570312e+01
5.020327758789062500e+01
5.196925735473632812e+01
5.373271179199218750e+01
5.549301147460937500e+01
5.724951934814453125e+01
5.900159454345703125e+01
6.074861526489257812e+01
6.248992919921875000e+01
6.422488403320312500e+01
6.595281219482421875e+01
6.767304992675781250e+01
6.938493347167968750e+01
7.108779144287109375e+01
7.278096008300781250e+01
7.446378326416015625e+01
7.613558197021484375e+01
7.779570770263671875e+01
7.944347381591796875e+01
8.107823181152343750e+01
8.269931793212890625e+01
8.430605316162109375e+01
8.589777374267578125e+01
8.747383117675781250e+01
8.903354644775390625e+01
9.057624816894531250e+01
9.210129547119140625e+01
9.360799407958984375e+01
9.509570312500000000e+01
9.656374359130859375e+01
9.801145935058593750e+01
9.943817138671875000e+01
1.008432235717773438e+02
1.022259521484375000e+02
1.035856933593750000e+02
1.049217758178710938e+02
1.062335357666015625e+02
1.075203018188476562e+02
1.087814178466796875e+02
1.100162277221679688e+02
1.112240524291992188e+02
1.124042282104492188e+02
1.135560989379882812e+02
1.146789703369140625e+02
1.157722244262695312e+02
1.168351516723632812e+02
1.178671112060546875e+02
1.188674316406250000e+02
1.198354492187500000e+02
1.207705001831054688e+02
1.216719131469726562e+02
1.225390319824218750e+02
1.233711929321289062e+02
1.241677093505859375e+02
1.249279327392578125e+02
1.256512069702148438e+02
1.263368453979492188e+02
1.269841918945312500e+02
1.275927200317382812e+02
1.281623382568359375e+02
1.286931152343750000e+02
1.291851501464843750e+02
1.296384429931640625e+02
1.300531005859375000e+02
1.304291534423828125e+02
1.307666931152343750e+02
1.310657653808593750e+02
1.313264160156250000e+02
1.315487213134765625e+02
1.317327423095703125e+02
1.318785552978515625e+02
1.319861907958984375e+02
1.320557250976562500e+02
1.320872192382812500e+02
1.320807342529296875e+02
1.320363311767578125e+02
1.319540557861328125e+02
1.318339996337890625e+02
1.316761932373046875e+02
1.314807128906250000e+02
1.312476348876953125e+02
1.309769744873046875e+02
1.306688537597656250e+02
1.303232727050781250e+02
1.299403228759765625e+02
1.295200805664062500e+02
1.290625610351562500e+02
1.285678710937500000e+02
1.280360565185546875e+02
1.274671707153320312e+02
1.268612747192382812e+02
1.262184448242187500e+02
1.255387191772460938e+02
1.248221664428710938e+02
1.240688629150390625e+02
1.232788543701171875e+02
1.224522018432617188e+02
1.215889739990234375e+02
1.206892242431640625e+02
1.197530212402343750e+02
1.187804183959960938e+02
1.177714843750000000e+02
1.167262649536132812e+02
1.156448364257812500e+02
1.145272598266601562e+02
1.133735885620117188e+02
1.121838836669921875e+02
1.109582138061523438e+02
1.096967544555664062e+02
1.084001235961914062e+02
1.070691070556640625e+02
1.057044525146484375e+02
1.043069076538085938e+02
1.028772354125976562e+02
1.014161834716796875e+02
9.992452239990234375e+01
9.840299224853515625e+01
9.685235595703125000e+01
9.527336883544921875e+01
9.366680145263671875e+01
9.203337860107421875e+01
9.037387847900390625e+01
8.868905639648437500e+01
8.697966003417968750e+01
8.524645233154296875e+01
8.349018859863281250e+01
8.171161651611328125e+01
7.991149902343750000e+01
7.809059143066406250e+01
7.624965667724609375e+01
7.438943481445312500e+01
7.251068878173828125e+01
7.061417388916015625e+01
6.870065307617187500e+01
6.677087402343750000e+01
6.482559967041015625e+01
6.286557769775390625e+01
6.089157485961914062e+01
5.890433120727539062e+01
5.690461730957031250e+01
5.489318466186523438e+01
5.287078475952148438e+01
5.083818054199218750e+01
4.879612350463867188e+01
4.674536895751953125e+01
4.468667602539062500e+01
4.262080001831054688e+01
4.054849243164062500e+01
3.847051620483398438e+01
3.638762283325195312e+01
3.430057144165039062e+01
3.221010971069335938e+01
3.011700439453125000e+01
2.802200317382812500e+01
2.592586898803710938e+01
2.382935142517089844e+01
2.173320960998535156e+01
1.963820075988769531e+01
1.754506683349609375e+01
1.545451831817626953e+01
1.336725234985351562e+01
1.128396320343017578e+01
9.205351829528808594e+00
7.132113933563232422e+00
5.064945697784423828e+00
3.004546165466308594e+00
9.516119360923767090e-01
-1.093159675598144531e+00
-3.129071474075317383e+00
-5.155426502227783203e+00
-7.171525955200195312e+00
-9.176674842834472656e+00
-1.117017459869384766e+01
-1.315132808685302734e+01
-1.511943721771240234e+01
-1.707380676269531250e+01
-1.901373672485351562e+01
-2.093853378295898438e+01
-2.284749603271484375e+01
-2.473992919921875000e+01
-2.661513519287109375e+01
-2.847241592407226562e+01
-3.031107711791992188e+01
-3.213041687011718750e+01
-3.392974090576171875e+01
-3.570835494995117188e+01
-3.746554946899414062e+01
-3.920064544677734375e+01
-4.091292953491210938e+01
-4.260171127319335938e+01
-4.426629638671875000e+01
-4.590598297119140625e+01
-4.752007675170898438e+01
-4.910787582397460938e+01
-5.066868591308593750e+01
-5.220181274414062500e+01
-5.370655059814453125e+01
-5.518221282958984375e+01
-5.662809371948242188e+01
-5.804350280761718750e+01
-5.942773437500000000e+01
-6.078009796142578125e+01
-6.209989547729492188e+01
-6.338642883300781250e+01
-6.463899993896484375e+01
-6.585691070556640625e+01
-6.703946685791015625e+01
-6.818596649169921875e+01
-6.929584503173828125e+01
-7.036903381347656250e+01
-7.140557861328125000e+01
-7.240557098388671875e+01
-7.336904144287109375e+01
-7.429606628417968750e+01
-7.518669891357421875e+01
-7.604099273681640625e+01
-7.685902404785156250e+01
-7.764084625244140625e+01
-7.838652038574218750e+01
-7.909609985351562500e+01
-7.976965332031250000e+01
-8.040722656250000000e+01
-8.100889587402343750e+01
-8.157472229003906250e+01
-8.210474395751953125e+01
-8.259905242919921875e+01
-8.305767822265625000e+01
-8.348070526123046875e+01
-8.386817169189453125e+01
-8.422015380859375000e+01
-8.453670501708984375e+01
-8.481788635253906250e+01
-8.506376647949218750e+01
-8.527439117431640625e+01
-8.544982147216796875e+01
-8.559012603759765625e+01
-8.569535827636718750e+01
-8.576558685302734375e+01
-8.580086517333984375e+01
-8.580126190185546875e+01
-8.576682281494140625e+01
-8.569760894775390625e+01
-8.559368896484375000e+01
-8.545512390136718750e+01
-8.528197479248046875e+01
-8.507428741455078125e+01
-8.483213806152343750e+01
-8.455558013916015625e+01
-8.424466705322265625e+01
-8.389947509765625000e+01
-8.352005004882812500e+01
-8.310645294189453125e+01
-8.265875244140625000e+01
-8.217700958251953125e+01
-8.166127014160156250e+01
-8.111160278320312500e+01
-8.052807617187500000e+01
-7.991073608398437500e+01
-7.925975799560546875e+01
-7.857575225830078125e+01
-7.785944366455078125e+01
-7.711155700683593750e+01
-7.633280944824218750e+01
-7.552393341064453125e+01
-7.468563842773437500e+01
-7.381865692138671875e+01
-7.292369842529296875e+01
-7.200149536132812500e+01
-7.105277252197265625e+01
-7.007823944091796875e+01
-6.907862854003906250e+01
-6.805466461181640625e+01
-6.700706481933593750e+01
-6.593655395507812500e+01
-6.484384918212890625e+01
-6.372967529296875000e+01
-6.259475326538085938e+01
-6.143981170654296875e+01
-6.026557159423828125e+01
-5.907275009155273438e+01
-5.786206817626953125e+01
-5.663425445556640625e+01
-5.539003372192382812e+01
-5.413011932373046875e+01
-5.285523986816406250e+01
-5.156611251831054688e+01
-5.026346588134765625e+01
-4.894801712036132812e+01
-4.762048721313476562e+01
-4.628160858154296875e+01
-4.493209457397460938e+01
-4.357266616821289062e+01
-4.220405197143554688e+01
-4.082697296142578125e+01
-3.944215011596679688e+01
-3.805030059814453125e+01
-3.665215301513671875e+01
-3.524843215942382812e+01
-3.383985519409179688e+01
-3.242714309692382812e+01
-3.101102638244628906e+01
-2.959221839904785156e+01
-2.817144775390625000e+01
-2.674943161010742188e+01
-2.532689666748046875e+01
-2.390456199645996094e+01
-2.248315238952636719e+01
-2.106338691711425781e+01
-1.964597892761230469e+01
-1.823158454895019531e+01
-1.682084655761718750e+01
-1.541441059112548828e+01
-1.401291942596435547e+01
-1.261701774597167969e+01
-1.122735023498535156e+01
-9.844561576843261719e+00
-8.469295501708984375e+00
-7.102195739746093750e+00
-5.743907451629638672e+00
-4.395074367523193359e+00
-3.056340932846069336e+00
-1.728351116180419922e+00
-4.117493033409118652e-01
8.928202390670776367e-01
2.184713363647460938e+00
3.463285684585571289e+00
4.727892875671386719e+00
5.977891445159912109e+00
7.212635993957519531e+00
8.431483268737792969e+00
9.633788108825683594e+00
1.081890773773193359e+01
1.198619651794433594e+01
1.313500976562500000e+01
1.426470565795898438e+01
1.537463665008544922e+01
1.646416091918945312e+01
1.753263473510742188e+01
1.857941436767578125e+01
1.960385131835937500e+01
2.060530281066894531e+01
2.158312797546386719e+01
2.253668022155761719e+01
2.346531486511230469e+01
2.436838912963867188e+01
2.524525642395019531e+01
2.609527397155761719e+01
2.691779899597167969e+01
2.771218681335449219e+01
2.847779083251953125e+01
2.921396827697753906e+01
2.992007255554199219e+01
3.059546279907226562e+01
3.123949623107910156e+01
3.185152435302734375e+01
3.243090438842773438e+01
3.297699356079101562e+01
3.348914718627929688e+01
3.396683883666992188e+01
3.441001892089843750e+01
3.481877517700195312e+01
3.519317245483398438e+01
3.553328704833984375e+01
3.583919525146484375e+01
3.611096954345703125e+01
3.634868621826171875e+01
3.655241775512695312e+01
3.672224044799804688e+01
3.685823059082031250e+01
3.696046447753906250e+01
3.702900695800781250e+01
3.706393814086914062e+01
3.706533813476562500e+01
3.703327178955078125e+01
3.696782302856445312e+01
3.686906051635742188e+01
3.673706054687500000e+01
3.657189941406250000e+01
3.637364578247070312e+01
3.614238357543945312e+01
3.587817764282226562e+01
3.558111190795898438e+01
3.525125503540039062e+01
3.488868331909179688e+01
3.449346542358398438e+01
3.406568908691406250e+01
3.360541534423828125e+01
3.311272811889648438e+01
3.258769607543945312e+01
3.203039932250976562e+01
3.144091033935546875e+01
3.081930351257324219e+01
3.016565132141113281e+01
2.948003005981445312e+01
2.876251220703125000e+01
2.801317596435546875e+01
2.723209762573242188e+01
2.641934585571289062e+01
2.557499885559082031e+01
2.469913101196289062e+01
2.379181480407714844e+01
2.285312652587890625e+01
2.188314247131347656e+01
2.088193511962890625e+01
1.984957885742187500e+01
1.878614807128906250e+01
1.769172096252441406e+01
1.656636810302734375e+01
1.541026782989501953e+01
1.422401618957519531e+01
1.300830745697021484e+01
1.176384067535400391e+01
1.049131202697753906e+01
9.191416740417480469e+00
7.864855289459228516e+00
6.512321949005126953e+00
5.134514331817626953e+00
3.732130050659179688e+00
2.305865049362182617e+00
8.564171195030212402e-01
-6.155173182487487793e-01
-2.109241008758544922e+00
-3.624057054519653320e+00
-5.159268856048583984e+00
-6.714179039001464844e+00
-8.288089752197265625e+00
-9.880307197570800781e+00
-1.149013137817382812e+01
-1.311686420440673828e+01
-1.475981330871582031e+01
-1.641827774047851562e+01
-1.809156227111816406e+01
-1.977897071838378906e+01
-2.147980308532714844e+01
-2.319336700439453125e+01
-2.491896057128906250e+01
-2.665588951110839844e+01
-2.840345573425292969e+01
-3.016096496582031250e+01
-3.192771530151367188e+01
-3.370301437377929688e+01
-3.548616409301757812e+01
-3.727646636962890625e+01
-3.907322692871093750e+01
-4.087574386596679688e+01
-4.268332672119140625e+01
-4.449527359008789062e+01
-4.631089019775390625e+01
-4.812947463989257812e+01
-4.995033645629882812e+01
-5.177276992797851562e+01
-5.359609222412109375e+01
-5.541958999633789062e+01
-5.724258422851562500e+01
-5.906435775756835938e+01
-6.088423156738281250e+01
-6.270149993896484375e+01
-6.451546478271484375e+01
-6.632544708251953125e+01
-6.813077545166015625e+01
-6.993082427978515625e+01
-7.172493743896484375e+01
-7.351248168945312500e+01
-7.529280853271484375e+01
-7.706526947021484375e+01
-7.882922363281250000e+01
-8.058401489257812500e+01
-8.232901763916015625e+01
-8.406357574462890625e+01
-8.578705596923828125e+01
-8.749880218505859375e+01
-8.919818115234375000e+01
-9.088453674316406250e+01
-9.255723571777343750e+01
-9.421562194824218750e+01
-9.585905456542968750e+01
-9.748690032958984375e+01
-9.909851074218750000e+01
-1.006932296752929688e+02
-1.022704238891601562e+02
-1.038294448852539062e+02
-1.053696517944335938e+02
-1.068903961181640625e+02
-1.083910446166992188e+02
-1.098709335327148438e+02
-1.113294372558593750e+02
-1.127658996582031250e+02
-1.141796798706054688e+02
-1.155701293945312500e+02
-1.169366226196289062e+02
-1.182784957885742188e+02
-1.195951080322265625e+02
-1.208858108520507812e+02
-1.221499862670898438e+02
-1.233869552612304688e+02
-1.245960998535156250e+02
-1.257767486572265625e+02
-1.269282836914062500e+02
-1.280500488281250000e+02
-1.291414031982421875e+02
-1.302016906738281250e+02
-1.312303009033203125e+02
-1.322265472412109375e+02
-1.331898040771484375e+02
-1.341194305419921875e+02
-1.350147857666015625e+02
-1.358751983642578125e+02
-1.367000579833984375e+02
-1.374888153076171875e+02
-1.382413787841796875e+02
-1.389577636718750000e+02
-1.396379699707031250e+02
-1.402819976806640625e+02
-1.408898925781250000e+02
-1.414616394042968750e+02
-1.419972686767578125e+02
-1.424967956542968750e+02
-1.429602050781250000e+02
-1.433875427246093750e+02
-1.437787933349609375e+02
-1.441339874267578125e+02
-1.444531250000000000e+02
-1.447362365722656250e+02
-1.449833221435546875e+02
-1.451943969726562500e+02
-1.453694458007812500e+02
-1.455085296630859375e+02
-1.456116333007812500e+02
-1.456787872314453125e+02
-1.457099609375000000e+02
-1.457052154541015625e+02
-1.456645355224609375e+02
-1.455879516601562500e+02
-1.454754486083984375e+02
-1.453270874023437500e+02
-1.451428222656250000e+02
-1.449226989746093750e+02
-1.446667175292968750e+02
-1.443749084472656250e+02
-1.440472717285156250e+02
-1.436838073730468750e+02
-1.432845611572265625e+02
-1.428495025634765625e+02
-1.423786773681640625e+02
-1.418720703125000000e+02
-1.413297271728515625e+02
-1.407516479492187500e+02
-1.401378173828125000e+02
-1.394882812500000000e+02
-1.388030548095703125e+02
-1.380821228027343750e+02
-1.373255157470703125e+02
-1.365332336425781250e+02
-1.357053222656250000e+02
-1.348417510986328125e+02
-1.339425506591796875e+02
-1.330077362060546875e+02
-1.320373077392578125e+02
-1.310314025878906250e+02
-1.299905395507812500e+02
-1.289153900146484375e+02
-1.278065643310546875e+02
-1.266647415161132812e+02
-1.254905471801757812e+02
-1.242846298217773438e+02
-1.230476303100585938e+02
-1.217801971435546875e+02
-1.204829864501953125e+02
-1.191566238403320312e+02
-1.178017807006835938e+02
-1.164190597534179688e+02
-1.150091552734375000e+02
-1.135726852416992188e+02
-1.121102905273437500e+02
-1.106226272583007812e+02
-1.091103286743164062e+02
-1.075740661621093750e+02
-1.060144577026367188e+02
-1.044321594238281250e+02
-1.028278121948242188e+02
-1.012020721435546875e+02
-9.955557250976562500e+01
-9.788895416259765625e+01
-9.620288085937500000e+01
-9.449797821044921875e+01
-9.277489471435546875e+01
-9.103428649902343750e+01
-8.927679443359375000e+01
-8.750306701660156250e+01
-8.571372985839843750e+01
-8.390945434570312500e+01
-8.209086608886718750e+01
-8.025861358642578125e+01
-7.841335296630859375e+01
-7.655572509765625000e+01
-7.468636322021484375e+01
-7.280592346191406250e+01
-7.091504669189453125e+01
-6.901438140869140625e+01
-6.710457611083984375e+01
-6.518627166748046875e+01
-6.326010131835937500e+01
-6.132672500610351562e+01
-5.938678741455078125e+01
-5.744092559814453125e+01
-5.548978805541992188e+01
-5.353402709960937500e+01
-5.157427597045898438e+01
-4.961118698120117188e+01
-4.764539718627929688e+01
-4.567754745483398438e+01
-4.370827865600585938e+01
-4.173823547363281250e+01
-3.976804733276367188e+01
-3.779836273193359375e+01
-3.582981872558593750e+01
-3.386305618286132812e+01
-3.189871788024902344e+01
-2.993743705749511719e+01
-2.797986030578613281e+01
-2.602662658691406250e+01
-2.407837104797363281e+01
-2.213574218750000000e+01
-2.019937515258789062e+01
-1.826990890502929688e+01
-1.634798812866210938e+01
-1.443424701690673828e+01
-1.252933120727539062e+01
-1.063387775421142578e+01
-8.748527526855468750e+00
-6.873920917510986328e+00
-5.010698318481445312e+00
-3.159499168395996094e+00
-1.320964097976684570e+00
5.042669773101806641e-01
2.315553903579711914e+00
4.112256526947021484e+00
5.893734455108642578e+00
7.659347534179687500e+00
9.408456802368164062e+00
1.114041996002197266e+01
1.285459804534912109e+01
1.455035209655761719e+01
1.622703933715820312e+01
1.788402175903320312e+01
1.952065849304199219e+01
2.113631057739257812e+01
2.273033714294433594e+01
2.430209541320800781e+01
2.585094642639160156e+01
2.737625312805175781e+01
2.887737274169921875e+01
3.035366821289062500e+01
3.180449485778808594e+01
3.322921371459960938e+01
3.462718582153320312e+01
3.599776840209960938e+01
3.734032821655273438e+01
3.865430831909179688e+01
3.993949890136718750e+01
4.119579315185546875e+01
4.242306518554687500e+01
4.362120056152343750e+01
4.479009246826171875e+01
4.592960739135742188e+01
4.703963851928710938e+01
4.812006759643554688e+01
4.917077636718750000e+01
5.019165039062500000e+01
5.118256759643554688e+01
5.214341735839843750e+01
5.307407760620117188e+01
5.397443389892578125e+01
5.484437179565429688e+01
5.568377304077148438e+01
5.649251556396484375e+01
5.727048110961914062e+01
5.801756668090820312e+01
5.873364257812500000e+01
5.941859436035156250e+01
6.007231140136718750e+01
6.069467163085937500e+01
6.128555297851562500e+01
6.184484863281250000e+01
6.237243652343750000e+01
6.286819839477539062e+01
6.333201980590820312e+01
6.376379013061523438e+01
6.416338348388671875e+01
6.453067779541015625e+01
6.486557006835937500e+01
6.516793060302734375e+01
6.543765258789062500e+01
6.567462158203125000e+01
6.587870025634765625e+01
6.604979705810546875e+01
6.618778228759765625e+01
6.629254150390625000e+01
6.636395263671875000e+01
6.640190887451171875e+01
6.640628051757812500e+01
6.637696075439453125e+01
6.631382751464843750e+01
6.621677398681640625e+01
6.608566284179687500e+01
6.592040252685546875e+01
6.572085571289062500e+01
6.548690795898437500e+01
6.521855163574218750e+01
6.491614532470703125e+01
6.458015441894531250e+01
6.421103668212890625e+01
6.380926895141601562e+01
6.337530136108398438e+01
6.290959930419921875e+01
6.241263580322265625e+01
6.188486099243164062e+01
6.132675933837890625e+01
6.073876571655273438e+01
6.012136840820312500e+01
5.947501754760742188e+01
5.880017852783203125e+01
5.809732055664062500e+01
5.736690521240234375e+01
5.660939788818359375e+01
5.582525634765625000e+01
5.501493835449218750e+01
5.417892456054687500e+01
5.331767272949218750e+01
5.243163681030273438e+01
5.152129364013671875e+01
5.058709716796875000e+01
4.962951660156250000e+01
4.864901351928710938e+01
4.764604949951171875e+01
4.662109375000000000e+01
4.557460403442382812e+01
4.450704193115234375e+01
4.341888427734375000e+01
4.231057739257812500e+01
4.118259811401367188e+01
4.003540420532226562e+01
3.886946105957031250e+01
3.768523025512695312e+01
3.648317718505859375e+01
3.526376342773437500e+01
3.402745819091796875e+01
3.277471923828125000e+01
3.150601196289062500e+01
3.022179794311523438e+01
2.892254638671875000e+01
2.760871505737304688e+01
2.628077125549316406e+01
2.493917655944824219e+01
2.358439636230468750e+01
2.221689224243164062e+01
2.083712768554687500e+01
1.944556808471679688e+01
1.804269599914550781e+01
1.662907028198242188e+01
1.520526790618896484e+01
1.377186870574951172e+01
1.232945156097412109e+01
1.087859249114990234e+01
9.419871330261230469e+00
7.953865528106689453e+00
6.481153964996337891e+00
5.002314090728759766e+00
3.517925024032592773e+00
2.028564453125000000e+00
5.348111391067504883e-01
-9.627571105957031250e-01
-2.463561773300170898e+00
-3.967024803161621094e+00
-5.472568035125732422e+00
-6.979612827301025391e+00
-8.487581253051757812e+00
-9.995894432067871094e+00
-1.150397396087646484e+01
-1.301124382019042969e+01
-1.451712322235107422e+01
-1.602103614807128906e+01
-1.752239990234375000e+01
-1.902064132690429688e+01
-2.051518058776855469e+01
-2.200543975830078125e+01
-2.349083709716796875e+01
-2.497080039978027344e+01
-2.644474601745605469e+01
-2.791209602355957031e+01
-2.937227821350097656e+01
-3.082470512390136719e+01
-3.226880645751953125e+01
-3.370400238037109375e+01
-3.512971115112304688e+01
-3.654535675048828125e+01
-3.795035934448242188e+01
-3.934414291381835938e+01
-4.072612762451171875e+01
-4.209573745727539062e+01
-4.345239257812500000e+01
-4.479551315307617188e+01
-4.612452316284179688e+01
-4.743884277343750000e+01
-4.873789978027343750e+01
-5.002110290527343750e+01
-5.128788757324218750e+01
-5.253767013549804688e+01
-5.376993179321289062e+01
-5.498442077636718750e+01
-5.618094253540039062e+01
-5.735929870605468750e+01
-5.851929855346679688e+01
-5.966075134277343750e+01
-6.078345870971679688e+01
-6.188722991943359375e+01
-6.297187042236328125e+01
-6.403717803955078125e+01
-6.508297729492187500e+01
-6.610905456542968750e+01
-6.711523437500000000e+01
-6.810130310058593750e+01
-6.906707763671875000e+01
-7.001236724853515625e+01
-7.093697357177734375e+01
-7.184069824218750000e+01
-7.272335052490234375e+01
-7.358474731445312500e+01
-7.442469024658203125e+01
-7.524297332763671875e+01
-7.603941345214843750e+01
-7.681380462646484375e+01
-7.756597137451171875e+01
-7.829570770263671875e+01
-7.900282287597656250e+01
-7.968712615966796875e+01
-8.034841918945312500e+01
-8.098650360107421875e+01
-8.160119628906250000e+01
-8.219229888916015625e+01
-8.275961303710937500e+01
-8.330294799804687500e+01
-8.382212066650390625e+01
-8.431691741943359375e+01
-8.478715515136718750e+01
-8.523264312744140625e+01
-8.565318298339843750e+01
-8.604857635498046875e+01
-8.641864013671875000e+01
-8.676316833496093750e+01
-8.708197784423828125e+01
-8.737486267089843750e+01
-8.764164733886718750e+01
-8.788211822509765625e+01
-8.809609985351562500e+01
-8.828338623046875000e+01
-8.844377899169921875e+01
-8.857709503173828125e+01
-8.868321990966796875e+01
-8.876236724853515625e+01
-8.881482696533203125e+01
-8.884091186523437500e+01
-8.884090423583984375e+01
-8.881510162353515625e+01
-8.876380157470703125e+01
-8.868730163574218750e+01
-8.858589935302734375e+01
-8.845989227294921875e+01
-8.830957031250000000e+01
-8.813523101806640625e+01
-8.793718719482421875e+01
-8.771570587158203125e+01
-8.747110748291015625e+01
-8.720368194580078125e+01
-8.691371917724609375e+01
-8.660151672363281250e+01
-8.626737213134765625e+01
-8.591159057617187500e+01
-8.553446197509765625e+01
-8.513628387451171875e+01
-8.471733856201171875e+01
-8.427794647216796875e+01
-8.381838989257812500e+01
-8.333895874023437500e+01
-8.283996582031250000e+01
-8.232170104980468750e+01
-8.178446197509765625e+01
-8.122853088378906250e+01
-8.065422058105468750e+01
-8.006182098388671875e+01
-7.945163726806640625e+01
-7.882395172119140625e+01
-7.817906951904296875e+01
-7.751728057861328125e+01
-7.683888244628906250e+01
-7.614418792724609375e+01
-7.543346405029296875e+01
-7.470703125000000000e+01
-7.396517944335937500e+01
-7.320819854736328125e+01
-7.243638610839843750e+01
-7.165004730224609375e+01
-7.084947204589843750e+01
-7.003495788574218750e+01
-6.920680236816406250e+01
-6.836529541015625000e+01
-6.751073455810546875e+01
-6.664342498779296875e+01
-6.576368713378906250e+01
-6.487193298339843750e+01
-6.396863937377929688e+01
-6.305423355102539062e+01
-6.212919235229492188e+01
-6.119395065307617188e+01
-6.024897003173828125e+01
-5.929469299316406250e+01
-5.833158111572265625e+01
-5.736009216308593750e+01
-5.638066101074218750e+01
-5.539375686645507812e+01
-5.439982986450195312e+01
-5.339932250976562500e+01
-5.239269638061523438e+01
-5.138040542602539062e+01
-5.036289215087890625e+01
-4.934062194824218750e+01
-4.831403732299804688e+01
-4.728359603881835938e+01
-4.624975204467773438e+01
-4.521295166015625000e+01
-4.417365264892578125e+01
-4.313230514526367188e+01
-4.208936309814453125e+01
-4.104528045654296875e+01
-4.000050354003906250e+01
-3.895549774169921875e+01
-3.791070175170898438e+01
-3.686657333374023438e+01
-3.582357025146484375e+01
-3.478213882446289062e+01
-3.374273300170898438e+01
-3.270580673217773438e+01
-3.167181205749511719e+01
-3.064119911193847656e+01
-2.961442756652832031e+01
-2.859194374084472656e+01
-2.757419967651367188e+01
-2.656165122985839844e+01
-2.555474853515625000e+01
-2.455394744873046875e+01
-2.355970001220703125e+01
-2.257245445251464844e+01
-2.159266853332519531e+01
-2.062079238891601562e+01
-1.965728187561035156e+01
-1.870258522033691406e+01
-1.775715446472167969e+01
-1.682144737243652344e+01
-1.589587116241455078e+01
-1.498067474365234375e+01
-1.407606410980224609e+01
-1.318224525451660156e+01
-1.229942226409912109e+01
-1.142780303955078125e+01
-1.056759452819824219e+01
-9.718999862670898438e+00
-8.882225990295410156e+00
-8.057479858398437500e+00
-7.244966983795166016e+00
-6.444893836975097656e+00
-5.657464504241943359e+00
-4.882886886596679688e+00
-4.121366024017333984e+00
-3.373108148574829102e+00
-2.638319015502929688e+00
-1.917204976081848145e+00
-1.209971785545349121e+00
-5.168252587318420410e-01
1.620284318923950195e-01
8.263834118843078613e-01
1.476033687591552734e+00
2.110773324966430664e+00
2.730396270751953125e+00
3.334696769714355469e+00
3.923468351364135742e+00
4.496505737304687500e+00
5.053602695465087891e+00
5.594553470611572266e+00
6.119151115417480469e+00
6.627190589904785156e+00
7.118466377258300781e+00
7.592771053314208984e+00
8.049899101257324219e+00
8.489645957946777344e+00
8.911804199218750000e+00
9.316167831420898438e+00
9.702532768249511719e+00
1.007069015502929688e+01
1.042043590545654297e+01
1.075156402587890625e+01
1.106386756896972656e+01
1.135714149475097656e+01
1.163117885589599609e+01
1.188577461242675781e+01
1.212072277069091797e+01
1.233581733703613281e+01
1.253085136413574219e+01
1.270562076568603516e+01
1.285998153686523438e+01
1.299405002593994141e+01
1.310800457000732422e+01
1.320202350616455078e+01
1.327628612518310547e+01
1.333097171783447266e+01
1.336625862121582031e+01
1.338232612609863281e+01
1.337935256958007812e+01
1.335751724243164062e+01
1.331699848175048828e+01
1.325797557830810547e+01
1.318062686920166016e+01
1.308513164520263672e+01
1.297166919708251953e+01
1.284041881561279297e+01
1.269155788421630859e+01
1.252526473999023438e+01
1.234172058105468750e+01
1.214110279083251953e+01
1.192359066009521484e+01
1.168936252593994141e+01
1.143859767913818359e+01
1.117147541046142578e+01
1.088817310333251953e+01
1.058887195587158203e+01
1.027374744415283203e+01
9.942982673645019531e+00
9.596753120422363281e+00
9.235239028930664062e+00
8.858618736267089844e+00
8.467072486877441406e+00
8.060776710510253906e+00
7.639912128448486328e+00
7.204657554626464844e+00
6.755190849304199219e+00
6.291691780090332031e+00
5.814338207244873047e+00
5.323310375213623047e+00
4.818786144256591797e+00
4.300944805145263672e+00
3.769964694976806641e+00
3.226025104522705078e+00
2.669304847717285156e+00
2.099982738494873047e+00
1.518237829208374023e+00
9.242486357688903809e-01
3.181942105293273926e-01
-2.997465729713439941e-01
-9.293949604034423828e-01
-1.570543050765991211e+00
-2.222867727279663086e+00
-2.886016368865966797e+00
-3.559637308120727539e+00
-4.243378162384033203e+00
-4.936885833740234375e+00
-5.639809608459472656e+00
-6.351796150207519531e+00
-7.072493553161621094e+00
-7.801549434661865234e+00
-8.538612365722656250e+00
-9.283329963684082031e+00
-1.003534793853759766e+01
-1.079431724548339844e+01
-1.155988407135009766e+01
-1.233169460296630859e+01
-1.310939979553222656e+01
-1.389264583587646484e+01
-1.468108081817626953e+01
-1.547435188293457031e+01
-1.627210617065429688e+01
-1.707399368286132812e+01
-1.787965965270996094e+01
-1.868875694274902344e+01
-1.950092506408691406e+01
-2.031581878662109375e+01
-2.113308334350585938e+01
-2.195236587524414062e+01
-2.277331542968750000e+01
-2.359557914733886719e+01
-2.441880416870117188e+01
-2.524263954162597656e+01
-2.606673240661621094e+01
-2.689072990417480469e+01
-2.771428108215332031e+01
-2.853703308105468750e+01
-2.935863494873046875e+01
-3.017873573303222656e+01
-3.099697685241699219e+01
-3.181300926208496094e+01
-3.262648391723632812e+01
-3.343704605102539062e+01
-3.424434280395507812e+01
-3.504802322387695312e+01
-3.584773254394531250e+01
-3.664312362670898438e+01
-3.743383789062500000e+01
-3.821952819824218750e+01
-3.899984359741210938e+01
-3.977442550659179688e+01
-4.054294967651367188e+01
-4.130519104003906250e+01
-4.206094360351562500e+01
-4.281000518798828125e+01
-4.355217361450195312e+01
-4.428725051879882812e+01
-4.501502227783203125e+01
-4.573529815673828125e+01
-4.644786834716796875e+01
-4.715253067016601562e+01
-4.784908676147460938e+01
-4.853732681274414062e+01
-4.921706008911132812e+01
-4.988807296752929688e+01
-5.055016326904296875e+01
-5.120313644409179688e+01
-5.184678268432617188e+01
-5.248089599609375000e+01
-5.310528564453125000e+01
-5.371973800659179688e+01
-5.432405853271484375e+01
-5.491803741455078125e+01
-5.550148010253906250e+01
-5.607417678833007812e+01
-5.663592529296875000e+01
-5.718652725219726562e+01
-5.772578048706054688e+01
-5.825347518920898438e+01
-5.876941680908203125e+01
-5.927339172363281250e+01
-5.976521301269531250e+01
-6.024466323852539062e+01
-6.071155166625976562e+01
-6.116566467285156250e+01
-6.160680770874023438e+01
-6.203477096557617188e+01
-6.244936370849609375e+01
-6.285037231445312500e+01
-6.323759460449218750e+01
-6.361083221435546875e+01
-6.396988296508789062e+01
-6.431453704833984375e+01
-6.464460754394531250e+01
-6.495986938476562500e+01
-6.526013946533203125e+01
-6.554521179199218750e+01
-6.581486511230468750e+01
-6.606892395019531250e+01
-6.630716705322265625e+01
-6.652939605712890625e+01
-6.673546600341796875e+01
-6.692540740966796875e+01
-6.709931182861328125e+01
-6.725727844238281250e+01
-6.739939880371093750e+01
-6.752575683593750000e+01
-6.763644409179687500e+01
-6.773155212402343750e+01
-6.781118011474609375e+01
-6.787541198730468750e+01
-6.792433929443359375e+01
-6.795806121826171875e+01
-6.797665405273437500e+01
-6.798021697998046875e+01
-6.796884918212890625e+01
-6.794262695312500000e+01
-6.790164947509765625e+01
-6.784601593017578125e+01
-6.777580261230468750e+01
-6.769110870361328125e+01
-6.759201812744140625e+01
-6.747863006591796875e+01
-6.735103607177734375e+01
-6.720932769775390625e+01
-6.705358886718750000e+01
-6.688391876220703125e+01
-6.670040130615234375e+01
-6.650313568115234375e+01
-6.629219818115234375e+01
-6.606769561767578125e+01
-6.582971954345703125e+01
-6.557835388183593750e+01
-6.531369018554687500e+01
-6.503582000732421875e+01
-6.474483489990234375e+01
-6.444083404541015625e+01
-6.412389373779296875e+01
-6.379411697387695312e+01
-6.345159149169921875e+01
-6.309640884399414062e+01
-6.272865676879882812e+01
-6.234843444824218750e+01
-6.195582199096679688e+01
-6.155091857910156250e+01
-6.113380813598632812e+01
-6.070458984375000000e+01
-6.026335525512695312e+01
-5.981019592285156250e+01
-5.934519195556640625e+01
-5.886844253540039062e+01
-5.838006973266601562e+01
-5.788031005859375000e+01
-5.736942291259765625e+01
-5.684768295288085938e+01
-5.631534957885742188e+01
-5.577268600463867188e+01
-5.521995544433593750e+01
-5.465743637084960938e+01
-5.408538436889648438e+01
-5.350406646728515625e+01
-5.291374969482421875e+01
-5.231469726562500000e+01
-5.170717620849609375e+01
-5.109144973754882812e+01
-5.046778869628906250e+01
-4.983645248413085938e+01
-4.919770812988281250e+01
-4.855182266235351562e+01
-4.789906311035156250e+01
-4.723969268798828125e+01
-4.657397460937500000e+01
-4.590217590332031250e+01
-4.522456359863281250e+01
-4.454140472412109375e+01
-4.385295867919921875e+01
-4.315949630737304688e+01
-4.246127700805664062e+01
-4.175857543945312500e+01
-4.105165100097656250e+01
-4.034077072143554688e+01
-3.962619781494140625e+01
-3.890819931030273438e+01
-3.818704223632812500e+01
-3.746299362182617188e+01
-3.673630905151367188e+01
-3.600726318359375000e+01
-3.527612304687500000e+01
-3.454314804077148438e+01
-3.380860519409179688e+01
-3.307275772094726562e+01
-3.233588027954101562e+01
-3.159822654724121094e+01
-3.086007118225097656e+01
-3.012167358398437500e+01
-2.938330268859863281e+01
-2.864522171020507812e+01
-2.790769767761230469e+01
-2.717099380493164062e+01
-2.643537902832031250e+01
-2.570111656188964844e+01
-2.496846008300781250e+01
-2.423761940002441406e+01
-2.350879096984863281e+01
-2.278217124938964844e+01
-2.205795860290527344e+01
-2.133634757995605469e+01
-2.061753845214843750e+01
-1.990172386169433594e+01
-1.918910598754882812e+01
-1.847987747192382812e+01
-1.777423477172851562e+01
-1.707238006591796875e+01
-1.637450599670410156e+01
-1.568081092834472656e+01
-1.499149036407470703e+01
-1.430674362182617188e+01
-1.362676620483398438e+01
-1.295175552368164062e+01
-1.228190803527832031e+01
-1.161742115020751953e+01
-1.095849227905273438e+01
-1.030531787872314453e+01
-9.658093452453613281e+00
-9.017018318176269531e+00
-8.382288932800292969e+00
-7.754101276397705078e+00
-7.132652759552001953e+00
-6.518140792846679688e+00
-5.910761833190917969e+00
-5.310713291168212891e+00
-4.718191623687744141e+00
-4.133393764495849609e+00
-3.556517124176025391e+00
-2.987758636474609375e+00
-2.427314996719360352e+00
-1.875383257865905762e+00
-1.332160353660583496e+00
-7.978433370590209961e-01
-2.726290822029113770e-01
2.432853877544403076e-01
7.497031688690185547e-01
1.246427178382873535e+00
1.733260750770568848e+00
2.210006475448608398e+00
2.676467657089233398e+00
3.132447481155395508e+00
3.577748537063598633e+00
4.012174129486083984e+00
4.435527324676513672e+00
4.847611427307128906e+00
5.248264789581298828e+00
5.637469291687011719e+00
6.015242099761962891e+00
6.381602287292480469e+00
6.736566066741943359e+00
7.080151557922363281e+00
7.412375926971435547e+00
7.733256816864013672e+00
8.042812347412109375e+00
8.341059684753417969e+00
8.628016471862792969e+00
8.903700828552246094e+00
9.168129920959472656e+00
9.421320915222167969e+00
9.663291931152343750e+00
9.894060134887695312e+00
1.011364364624023438e+01
1.032205867767333984e+01
1.051932525634765625e+01
1.070545959472656250e+01
1.088047790527343750e+01
1.104440021514892578e+01
1.119724273681640625e+01
1.133902454376220703e+01
1.146976089477539062e+01
1.158947086334228516e+01
1.169817161560058594e+01
1.179588127136230469e+01
1.188261604309082031e+01
1.195839500427246094e+01
1.202323627471923828e+01
1.207715511322021484e+01
1.212017059326171875e+01
1.215229988098144531e+01
1.217356109619140625e+01
1.218397140502929688e+01
1.218354797363281250e+01
1.217230987548828125e+01
1.215027236938476562e+01
1.211745548248291016e+01
1.207387542724609375e+01
1.201955032348632812e+01
1.195449638366699219e+01
1.187873268127441406e+01
1.179227638244628906e+01
1.169514656066894531e+01
1.158735847473144531e+01
1.146892929077148438e+01
1.133987903594970703e+01
1.120022487640380859e+01
1.105000877380371094e+01
1.088938426971435547e+01
1.071852779388427734e+01
1.053761482238769531e+01
1.034682655334472656e+01
1.014633655548095703e+01
9.936325073242187500e+00
9.716967582702636719e+00
9.488443374633789062e+00
9.250928878784179688e+00
9.004600524902343750e+00
8.749637603759765625e+00
8.486216545104980469e+00
8.214514732360839844e+00
7.934709548950195312e+00
7.646977901458740234e+00
7.351499080657958984e+00
7.048449516296386719e+00
6.738005638122558594e+00
6.420345783233642578e+00
6.095647335052490234e+00
5.764087677001953125e+00
5.425844192504882812e+00
5.081093788146972656e+00
4.730014801025390625e+00
4.372784137725830078e+00
4.009579181671142578e+00
3.640577554702758789e+00
3.265956640243530273e+00
2.885894060134887695e+00
2.500566482543945312e+00
2.110152006149291992e+00
1.714827656745910645e+00
1.314771294593811035e+00
9.101600050926208496e-01
5.011713504791259766e-01
8.798257261514663696e-02
-3.292287588119506836e-01
-7.502852678298950195e-01
-1.175009608268737793e+00
-1.603224158287048340e+00
-2.034751653671264648e+00
-2.469414710998535156e+00
-2.907035827636718750e+00
-3.347437620162963867e+00
-3.790442705154418945e+00
-4.235873222351074219e+00
-4.683552742004394531e+00
-5.133303165435791016e+00
-5.584946632385253906e+00
-6.038309097290039062e+00
-6.493220329284667969e+00
-6.949515819549560547e+00
-7.407028198242187500e+00
-7.865592479705810547e+00
-8.325040817260742188e+00
-8.785207748413085938e+00
-9.245926856994628906e+00
-9.707032203674316406e+00
-1.016835689544677734e+01
-1.062973499298095703e+01
-1.109100055694580078e+01
-1.155198574066162109e+01
-1.201252555847167969e+01
-1.247245502471923828e+01
-1.293160533905029297e+01
-1.338981151580810547e+01
-1.384690666198730469e+01
-1.430272579193115234e+01
-1.475710201263427734e+01
-1.520986747741699219e+01
-1.566085720062255859e+01
-1.610990524291992188e+01
-1.655684661865234375e+01
-1.700151062011718750e+01
-1.744373512268066406e+01
-1.788335227966308594e+01
-1.832019615173339844e+01
-1.875410079956054688e+01
-1.918489837646484375e+01
-1.961242485046386719e+01
-2.003651046752929688e+01
-2.045699310302734375e+01
-2.087370491027832031e+01
-2.128647804260253906e+01
-2.169514846801757812e+01
-2.209954833984375000e+01
-2.249951171875000000e+01
-2.289487457275390625e+01
-2.328546524047851562e+01
-2.367112159729003906e+01
-2.405167961120605469e+01
-2.442696762084960938e+01
-2.479682159423828125e+01
-2.516107559204101562e+01
-2.551956367492675781e+01
-2.587211608886718750e+01
-2.621857261657714844e+01
-2.655876350402832031e+01
-2.689252281188964844e+01
-2.721970558166503906e+01
-2.754026412963867188e+01
-2.785416984558105469e+01
-2.816139984130859375e+01
-2.846192169189453125e+01
-2.875571250915527344e+01
-2.904274177551269531e+01
-2.932298278808593750e+01
-2.959641075134277344e+01
-2.986299896240234375e+01
-3.012272071838378906e+01
-3.037554359436035156e+01
-3.062144851684570312e+01
-3.086040306091308594e+01
-3.109238243103027344e+01
-3.131735992431640625e+01
-3.153530693054199219e+01
-3.174619483947753906e+01
-3.195000076293945312e+01
-3.214669799804687500e+01
-3.233625411987304688e+01
-3.251864624023437500e+01
-3.269384765625000000e+01
-3.286183166503906250e+01
-3.302256774902343750e+01
-3.317603302001953125e+01
-3.332219696044921875e+01
-3.346103668212890625e+01
-3.359252166748046875e+01
-3.371662521362304688e+01
-3.383332443237304688e+01
-3.394258117675781250e+01
-3.404438400268554688e+01
-3.413869476318359375e+01
-3.422549438476562500e+01
-3.430474472045898438e+01
-3.437643051147460938e+01
-3.444051742553710938e+01
-3.449698257446289062e+01
-3.454579544067382812e+01
-3.458693313598632812e+01
-3.462036514282226562e+01
-3.464606475830078125e+01
-3.466400909423828125e+01
-3.467416381835937500e+01
-3.467650985717773438e+01
-3.467101669311523438e+01
-3.465765380859375000e+01
-3.463639831542968750e+01
-3.460722351074218750e+01
-3.457012557983398438e+01
-3.452518081665039062e+01
-3.447250366210937500e+01
-3.441219329833984375e+01
-3.434436035156250000e+01
-3.426910400390625000e+01
-3.418653488159179688e+01
-3.409675598144531250e+01
-3.399987411499023438e+01
-3.389599227905273438e+01
-3.378521728515625000e+01
-3.366765594482421875e+01
-3.354341125488281250e+01
-3.341259384155273438e+01
-3.327530288696289062e+01
-3.313164520263671875e+01
-3.298172760009765625e+01
-3.282565689086914062e+01
-3.266353607177734375e+01
-3.249546813964843750e+01
-3.232156753540039062e+01
-3.214192962646484375e+01
-3.195666503906250000e+01
-3.176588058471679688e+01
-3.156967735290527344e+01
-3.136816406250000000e+01
-3.116144371032714844e+01
-3.094962501525878906e+01
-3.073280906677246094e+01
-3.051110458374023438e+01
-3.028461456298828125e+01
-3.005344963073730469e+01
-2.981770896911621094e+01
-2.957750129699707031e+01
-2.933293151855468750e+01
-2.908410453796386719e+01
-2.883112716674804688e+01
-2.857410240173339844e+01
-2.831313896179199219e+01
-2.804833984375000000e+01
-2.777980995178222656e+01
-2.750765609741210938e+01
-2.723198509216308594e+01
-2.695289993286132812e+01
-2.667050743103027344e+01
-2.638491249084472656e+01
-2.609622001647949219e+01
-2.580453681945800781e+01
-2.550996780395507812e+01
-2.521261596679687500e+01
-2.491259574890136719e+01
-2.461002349853515625e+01
-2.430502510070800781e+01
-2.399772644042968750e+01
-2.368825149536132812e+01
-2.337672233581542969e+01
-2.306327056884765625e+01
-2.274801445007324219e+01
-2.243108177185058594e+01
-2.211259651184082031e+01
-2.179268264770507812e+01
-2.147146606445312500e+01
-2.114907073974609375e+01
-2.082562065124511719e+01
-2.050124359130859375e+01
-2.017605972290039062e+01
-1.985019683837890625e+01
-1.952378082275390625e+01
-1.919693374633789062e+01
-1.886978149414062500e+01
-1.854244804382324219e+01
-1.821505928039550781e+01
-1.788773727416992188e+01
-1.756061172485351562e+01
-1.723380088806152344e+01
-1.690743637084960938e+01
-1.658163833618164062e+01
-1.625653076171875000e+01
-1.593224239349365234e+01
-1.560889530181884766e+01
-1.528661441802978516e+01
-1.496552467346191406e+01
-1.464575195312500000e+01
-1.432741832733154297e+01
-1.401065063476562500e+01
-1.369557285308837891e+01
-1.338230991363525391e+01
-1.307098770141601562e+01
-1.276172828674316406e+01
-1.245465850830078125e+01
-1.214990234375000000e+01
-1.184758377075195312e+01
-1.154782867431640625e+01
-1.125076198577880859e+01
-1.095650768280029297e+01
-1.066519069671630859e+01
-1.037693500518798828e+01
-1.009186649322509766e+01
-9.810110092163085938e+00
-9.531788825988769531e+00
-9.257016181945800781e+00
-8.985848426818847656e+00
-8.718330383300781250e+00
-8.454507827758789062e+00
-8.194423675537109375e+00
-7.938122272491455078e+00
-7.685649871826171875e+00
-7.437050342559814453e+00
-7.192368507385253906e+00
-6.951647758483886719e+00
-6.714932918548583984e+00
-6.482269763946533203e+00
-6.253701686859130859e+00
-6.029273509979248047e+00
-5.809030055999755859e+00
-5.593015670776367188e+00
-5.381274700164794922e+00
-5.173852443695068359e+00
-4.970792293548583984e+00
-4.772139549255371094e+00
-4.577938556671142578e+00
-4.388233661651611328e+00
-4.203070163726806641e+00
-4.022491931915283203e+00
-3.846543550491333008e+00
-3.675269842147827148e+00
-3.508714914321899414e+00
-3.346923828125000000e+00
-3.189940929412841797e+00
-3.037810325622558594e+00
-2.890577316284179688e+00
-2.748286247253417969e+00
-2.610981225967407227e+00
-2.478707075119018555e+00
-2.351508378982543945e+00
-2.229429721832275391e+00
-2.112515449523925781e+00
-2.000810384750366211e+00
-1.894358754158020020e+00
-1.793205380439758301e+00
-1.697394728660583496e+00
-1.606971263885498047e+00
-1.521979451179504395e+00
-1.442464232444763184e+00
-1.368469715118408203e+00
-1.300040483474731445e+00
-1.237221360206604004e+00
-1.180056691169738770e+00
-1.128591179847717285e+00
-1.082869172096252441e+00
-1.042916059494018555e+00
-1.008680343627929688e+00
-9.800910353660583496e-01
-9.570774435997009277e-01
-9.395686984062194824e-01
-9.274940490722656250e-01
-9.207825064659118652e-01
-9.193633794784545898e-01
-9.231659173965454102e-01
-9.321191310882568359e-01
-9.461523294448852539e-01
-9.651945233345031738e-01
-9.891750812530517578e-01
-1.018023133277893066e+00
-1.051667809486389160e+00
-1.090038299560546875e+00
-1.133063793182373047e+00
-1.180673360824584961e+00
-1.232796430587768555e+00
-1.289362072944641113e+00
-1.350299358367919922e+00
-1.415537595748901367e+00
-1.485005855560302734e+00
-1.558633327484130859e+00
-1.636349439620971680e+00
-1.718083024024963379e+00
-1.803763508796691895e+00
-1.893319845199584961e+00
-1.986681342124938965e+00
-2.083777189254760742e+00
-2.184536457061767578e+00
-2.288888692855834961e+00
-2.396762609481811523e+00
-2.508087635040283203e+00
-2.622792959213256836e+00
-2.740807533264160156e+00
-2.862060785293579102e+00
-2.986481666564941406e+00
-3.113999605178833008e+00
-3.244543790817260742e+00
-3.378043174743652344e+00
-3.514427185058593750e+00
-3.653624773025512695e+00
-3.795564889907836914e+00
-3.940177440643310547e+00
-4.087391376495361328e+00
-4.237134933471679688e+00
-4.389338493347167969e+00
-4.543931007385253906e+00
-4.700840950012207031e+00
-4.860002517700195312e+00
-5.021366596221923828e+00
-5.184887886047363281e+00
-5.350521087646484375e+00
-5.518221378326416016e+00
-5.687944412231445312e+00
-5.859644889831542969e+00
-6.033277988433837891e+00
-6.208798408508300781e+00
-6.386161327362060547e+00
-6.565322399139404297e+00
-6.746235847473144531e+00
-6.928857326507568359e+00
-7.113141536712646484e+00
-7.299043655395507812e+00
-7.486518383026123047e+00
-7.675521850585937500e+00
-7.866008281707763672e+00
-8.057931900024414062e+00
-8.251249313354492188e+00
-8.445916175842285156e+00
-8.641884803771972656e+00
-8.839112281799316406e+00
-9.037552833557128906e+00
-9.237162590026855469e+00
-9.437895774841308594e+00
-9.639706611633300781e+00
-9.842553138732910156e+00
-1.004638576507568359e+01
-1.025116443634033203e+01
-1.045684051513671875e+01
-1.066337108612060547e+01
-1.087071132659912109e+01
-1.107881450653076172e+01
-1.128763675689697266e+01
-1.149713325500488281e+01
-1.170725917816162109e+01
-1.191796970367431641e+01
-1.212921810150146484e+01
-1.234096240997314453e+01
-1.255315589904785156e+01
-1.276575374603271484e+01
-1.297871017456054688e+01
-1.319198226928710938e+01
-1.340552330017089844e+01
-1.361928939819335938e+01
-1.383323669433593750e+01
-1.404731750488281250e+01
-1.426148700714111328e+01
-1.447570323944091797e+01
