# tt
1.070905151367187500e+03
1.012733154296875000e+03
9.567053833007812500e+02
9.145157470703125000e+02
8.854478759765625000e+02
8.667232666015625000e+02
8.551797485351562500e+02
8.494035034179687500e+02
8.480354003906250000e+02
8.496597290039062500e+02
8.544458618164062500e+02
8.611665039062500000e+02
8.685377197265625000e+02
8.769935302734375000e+02
8.871915893554687500e+02
8.989658203125000000e+02
9.119185791015625000e+02
9.255509643554687500e+02
9.394558105468750000e+02
9.536921386718750000e+02
9.683943481445312500e+02
9.835311889648437500e+02
9.990379638671875000e+02
1.014885253906250000e+03
1.031065063476562500e+03
1.047623291015625000e+03
1.064584472656250000e+03
1.081835937500000000e+03
1.099273925781250000e+03
1.116964965820312500e+03
1.134998046875000000e+03
1.153379882812500000e+03
1.172066894531250000e+03
1.190897949218750000e+03
1.209756591796875000e+03
1.228823242187500000e+03
1.248290039062500000e+03
1.268095947265625000e+03
1.288117065429687500e+03
1.308254638671875000e+03
1.328508789062500000e+03
1.348904418945312500e+03
1.369466918945312500e+03
1.390220947265625000e+03
1.411187744140625000e+03
1.432371582031250000e+03
1.453773071289062500e+03
1.475392333984375000e+03
1.497230102539062500e+03
1.519285156250000000e+03
1.541551635742187500e+03
1.564022705078125000e+03
1.586690795898437500e+03
1.609549194335937500e+03
1.632593750000000000e+03
1.655833496093750000e+03
1.679281005859375000e+03
1.702948608398437500e+03
1.726848632812500000e+03
1.750990112304687500e+03
1.775368652343750000e+03
1.799976440429687500e+03
1.824805297851562500e+03
1.849847900390625000e+03
1.875097167968750000e+03
1.900551635742187500e+03
1.926210327148437500e+03
1.952072753906250000e+03
1.978138183593750000e+03
2.004410888671875000e+03
2.030914794921875000e+03
2.057678222656250000e+03
2.084729980468750000e+03
2.112098876953125000e+03
2.139802734375000000e+03
2.167816406250000000e+03
2.196103759765625000e+03
2.224628662109375000e+03
2.253355712890625000e+03
2.282257812500000000e+03
2.311348144531250000e+03
2.340648681640625000e+03
2.370181396484375000e+03
2.399968750000000000e+03
2.430026855468750000e+03
2.460347900390625000e+03
2.490918212890625000e+03
2.521723632812500000e+03
2.552750976562500000e+03
2.583988037109375000e+03
2.615431640625000000e+03
2.647079833984375000e+03
2.678931884765625000e+03
2.710985351562500000e+03
2.743239746093750000e+03
2.775692871093750000e+03
2.808343505859375000e+03
2.841190185546875000e+03
2.874230957031250000e+03
2.907465332031250000e+03
2.940891113281250000e+03
2.974506835937500000e+03
3.008311035156250000e+03
3.042302734375000000e+03
3.076479736328125000e+03
3.110841064453125000e+03
3.145385009765625000e+03
3.180109863281250000e+03
3.215014892578125000e+03
3.250096679687500000e+03
3.285347656250000000e+03
3.320758544921875000e+03
3.356321044921875000e+03
3.392025390625000000e+03
3.427863037109375000e+03
3.463824951171875000e+03
3.499901611328125000e+03
3.536084472656250000e+03
3.572364257812500000e+03
3.608732177734375000e+03
3.645179443359375000e+03
3.681696533203125000e+03
3.718274902343750000e+03
3.754904785156250000e+03
3.791578125000000000e+03
3.828284667968750000e+03
3.865017089843750000e+03
3.901764892578125000e+03
3.938519531250000000e+03
3.975272460937500000e+03
4.012013671875000000e+03
4.048734130859375000e+03
4.085424560546875000e+03
4.122075195312500000e+03
4.158677734375000000e+03
4.195221191406250000e+03
4.231697753906250000e+03
4.268097656250000000e+03
4.304411132812500000e+03
4.340628906250000000e+03
4.376742187500000000e+03
4.412741210937500000e+03
4.448616699218750000e+03
4.484359375000000000e+03
4.519959960937500000e+03
4.555408691406250000e+03
4.590696777343750000e+03
4.625814941406250000e+03
4.660753417968750000e+03
4.695502929687500000e+03
4.730056640625000000e+03
4.764407714843750000e+03
4.798548339843750000e+03
4.832471191406250000e+03
4.866169921875000000e+03
4.899637207031250000e+03
4.932866210937500000e+03
4.965848632812500000e+03
4.998578613281250000e+03
5.031048339843750000e+03
5.063251464843750000e+03
5.095180175781250000e+03
5.126827148437500000e+03
5.158186035156250000e+03
5.189249511718750000e+03
5.220009765625000000e+03
5.250460937500000000e+03
5.280594726562500000e+03
5.310404785156250000e+03
5.339883789062500000e+03
5.369024414062500000e+03
5.397819824218750000e+03
5.426262695312500000e+03
5.454346191406250000e+03
5.482062011718750000e+03
5.509401855468750000e+03
5.536353515625000000e+03
5.562907226562500000e+03
5.589053222656250000e+03
5.614781250000000000e+03
5.640080078125000000e+03
5.664939453125000000e+03
5.689349609375000000e+03
5.713299316406250000e+03
5.736779296875000000e+03
5.759778808593750000e+03
5.782287597656250000e+03
5.804294433593750000e+03
5.825790039062500000e+03
5.846763183593750000e+03
5.867204101562500000e+03
5.887102050781250000e+03
5.906447265625000000e+03
5.925229003906250000e+03
5.943437011718750000e+03
5.961060546875000000e+03
5.978089355468750000e+03
5.994513671875000000e+03
6.010322265625000000e+03
6.025507812500000000e+03
6.040067382812500000e+03
6.054001953125000000e+03
6.067311523437500000e+03
6.079997070312500000e+03
6.092058593750000000e+03
6.103495605468750000e+03
6.114309082031250000e+03
6.124499511718750000e+03
6.134066894531250000e+03
6.143011230468750000e+03
6.151333007812500000e+03
6.159033203125000000e+03
6.166110839843750000e+03
6.172566894531250000e+03
6.178401855468750000e+03
6.183615722656250000e+03
6.188208496093750000e+03
6.192181152343750000e+03
6.195533203125000000e+03
6.198265625000000000e+03
6.200377929687500000e+03
6.201871093750000000e+03
6.202745605468750000e+03
6.203000976562500000e+03
6.202637695312500000e+03
6.201656250000000000e+03
6.200057128906250000e+03
6.197840332031250000e+03
6.195005859375000000e+03
6.191554687500000000e+03
6.187486328125000000e+03
6.182801269531250000e+03
6.177500488281250000e+03
6.171583007812500000e+03
6.165050781250000000e+03
6.157902832031250000e+03
6.150139160156250000e+03
6.141761230468750000e+03
6.132769042968750000e+03
6.123162109375000000e+03
6.112941406250000000e+03
6.102106933593750000e+03
6.090659179687500000e+03
6.078598144531250000e+03
6.065924316406250000e+03
6.052638183593750000e+03
6.038739746093750000e+03
6.024229003906250000e+03
6.009106933593750000e+03
5.993374511718750000e+03
5.977040039062500000e+03
5.960112304687500000e+03
5.942600585937500000e+03
5.924513671875000000e+03
5.905860839843750000e+03
5.886650878906250000e+03
5.866893554687500000e+03
5.846597656250000000e+03
5.825771484375000000e+03
5.804425781250000000e+03
5.782567871093750000e+03
5.760208007812500000e+03
5.737354980468750000e+03
5.714017578125000000e+03
5.690205078125000000e+03
5.665926757812500000e+03
5.641191894531250000e+03
5.616009277343750000e+03
5.590387695312500000e+03
5.564336914062500000e+03
5.537865234375000000e+03
5.510981933593750000e+03
5.483696777343750000e+03
5.456018554687500000e+03
5.427956054687500000e+03
5.399518554687500000e+03
5.370715332031250000e+03
5.341554687500000000e+03
5.312046875000000000e+03
5.282200195312500000e+03
5.252024414062500000e+03
5.221527343750000000e+03
5.190719238281250000e+03
5.159608886718750000e+03
5.128205566406250000e+03
5.096517578125000000e+03
5.064555175781250000e+03
5.032326660156250000e+03
4.999841308593750000e+03
4.967108398437500000e+03
4.934136718750000000e+03
4.900935546875000000e+03
4.867513671875000000e+03
4.833880859375000000e+03
4.800045410156250000e+03
4.766017089843750000e+03
4.731804687500000000e+03
4.697416992187500000e+03
4.662863769531250000e+03
4.628153320312500000e+03
4.593296386718750000e+03
4.558303222656250000e+03
4.523182617187500000e+03
4.487944824218750000e+03
4.452600585937500000e+03
4.417159179687500000e+03
4.381631347656250000e+03
4.346025878906250000e+03
4.310354003906250000e+03
4.274625000000000000e+03
4.238849121093750000e+03
4.203036132812500000e+03
4.167196289062500000e+03
4.131339355468750000e+03
4.095475341796875000e+03
4.059614501953125000e+03
4.023766601562500000e+03
3.987941406250000000e+03
3.952149169921875000e+03
3.916399902343750000e+03
3.880703613281250000e+03
3.845069824218750000e+03
3.809509033203125000e+03
3.774031250000000000e+03
3.738646240234375000e+03
3.703363769531250000e+03
3.668194580078125000e+03
3.633147949218750000e+03
3.598233886718750000e+03
3.563462646484375000e+03
3.528844238281250000e+03
3.494388427734375000e+03
3.460105224609375000e+03
3.426005126953125000e+03
3.392097412109375000e+03
3.358392333984375000e+03
3.324899902343750000e+03
3.291630371093750000e+03
3.258593017578125000e+03
3.225798583984375000e+03
3.193256591796875000e+03
3.160977050781250000e+03
3.128970214843750000e+03
3.097245849609375000e+03
3.065814208984375000e+03
3.034684814453125000e+03
3.003867919921875000e+03
2.973373779296875000e+03
2.943211914062500000e+03
2.913391113281250000e+03
2.883916015625000000e+03
2.854788574218750000e+03
2.826012207031250000e+03
2.797589599609375000e+03
2.769523193359375000e+03
2.741816650390625000e+03
2.714471923828125000e+03
2.687492187500000000e+03
2.660880371093750000e+03
2.634639160156250000e+03
2.608771240234375000e+03
2.583279785156250000e+03
2.558167236328125000e+03
2.533436523437500000e+03
2.509090332031250000e+03
2.485131835937500000e+03
2.461563720703125000e+03
2.438388916015625000e+03
2.415609619140625000e+03
2.393229492187500000e+03
2.371250488281250000e+03
2.349676269531250000e+03
2.328509277343750000e+03
2.307751953125000000e+03
2.287407958984375000e+03
2.267479248046875000e+03
2.247969238281250000e+03
2.228880371093750000e+03
2.210215576171875000e+03
2.191977783203125000e+03
2.174169921875000000e+03
2.156794433593750000e+03
2.139854492187500000e+03
2.123352783203125000e+03
2.107291748046875000e+03
2.091674560546875000e+03
2.076504150390625000e+03
2.061783447265625000e+03
2.047514770507812500e+03
2.033701049804687500e+03
2.020345458984375000e+03
2.007450439453125000e+03
1.995019042968750000e+03
1.983054077148437500e+03
1.971558227539062500e+03
1.960534423828125000e+03
1.949985229492187500e+03
1.939913818359375000e+03
1.930322875976562500e+03
1.921213623046875000e+03
1.912582519531250000e+03
1.904424072265625000e+03
1.896732910156250000e+03
1.889503784179687500e+03
1.882731445312500000e+03
1.876410644531250000e+03
1.870535888671875000e+03
1.865102050781250000e+03
1.860103881835937500e+03
1.855536010742187500e+03
1.851392944335937500e+03
1.847669677734375000e+03
1.844360717773437500e+03
1.841460937500000000e+03
1.838964843750000000e+03
1.836867309570312500e+03
1.835162963867187500e+03
1.833846435546875000e+03
1.832912719726562500e+03
1.832356079101562500e+03
1.832171752929687500e+03
1.832353881835937500e+03
1.832897338867187500e+03
1.833796997070312500e+03
1.835047485351562500e+03
1.836643676757812500e+03
1.838579833984375000e+03
1.840851074218750000e+03
1.843451782226562500e+03
1.846376831054687500e+03
1.849621093750000000e+03
1.853178955078125000e+03
1.857045410156250000e+03
1.861214843750000000e+03
1.865682128906250000e+03
1.870441772460937500e+03
1.875489013671875000e+03
1.880817993164062500e+03
1.886423583984375000e+03
1.892300659179687500e+03
1.898443725585937500e+03
1.904847778320312500e+03
1.911506835937500000e+03
1.918416381835937500e+03
1.925570678710937500e+03
1.932964721679687500e+03
1.940592895507812500e+03
1.948449951171875000e+03
1.956530761718750000e+03
1.964829589843750000e+03
1.973339843750000000e+03
1.982054321289062500e+03
1.990965820312500000e+03
2.000067138671875000e+03
2.009351440429687500e+03
2.018811523437500000e+03
2.028440551757812500e+03
2.038230834960937500e+03
2.048175781250000000e+03
2.058268310546875000e+03
2.068500976562500000e+03
2.078866699218750000e+03
2.089358642578125000e+03
2.099969726562500000e+03
2.110692871093750000e+03
2.121520507812500000e+03
2.132446044921875000e+03
2.143462158203125000e+03
2.154561767578125000e+03
2.165738037109375000e+03
2.176983398437500000e+03
2.188291015625000000e+03
2.199653808593750000e+03
2.211064941406250000e+03
2.222516601562500000e+03
2.234002441406250000e+03
2.245514892578125000e+03
2.257047119140625000e+03
2.268591796875000000e+03
2.280141845703125000e+03
2.291690429687500000e+03
2.303230224609375000e+03
2.314754394531250000e+03
2.326255371093750000e+03
2.337726562500000000e+03
2.349160400390625000e+03
2.360550292968750000e+03
2.371888671875000000e+03
2.383168945312500000e+03
2.394383300781250000e+03
2.405525390625000000e+03
2.416587646484375000e+03
2.427563232421875000e+03
2.438444580078125000e+03
2.449225341796875000e+03
2.459897949218750000e+03
2.470455322265625000e+03
2.480890380859375000e+03
2.491196044921875000e+03
2.501366210937500000e+03
2.511397216796875000e+03
2.521286621093750000e+03
2.531031982421875000e+03
2.540630371093750000e+03
2.550079589843750000e+03
2.559376953125000000e+03
2.568520019531250000e+03
2.577506103515625000e+03
2.586332519531250000e+03
2.594997070312500000e+03
2.603496826171875000e+03
2.611829101562500000e+03
2.619991943359375000e+03
2.627982177734375000e+03
2.635797607421875000e+03
2.643435546875000000e+03
2.650893554687500000e+03
2.658168701171875000e+03
2.665259033203125000e+03
2.672161621093750000e+03
2.678873779296875000e+03
2.685393066406250000e+03
2.691716796875000000e+03
2.697842773437500000e+03
2.703768066406250000e+03
2.709490234375000000e+03
2.715006835937500000e+03
2.720315185546875000e+03
2.725412597656250000e+03
2.730296875000000000e+03
2.734965087890625000e+03
2.739414794921875000e+03
2.743643554687500000e+03
2.747648681640625000e+03
2.751427490234375000e+03
2.754977783203125000e+03
2.758296630859375000e+03
2.761381591796875000e+03
2.764230224609375000e+03
2.766839843750000000e+03
2.769207763671875000e+03
2.771331787109375000e+03
2.773208984375000000e+03
2.774837158203125000e+03
2.776213134765625000e+03
2.777334960937500000e+03
2.778199707031250000e+03
2.778805175781250000e+03
2.779148437500000000e+03
2.779228271484375000e+03
2.779046386718750000e+03
2.778606201171875000e+03
2.777910888671875000e+03
2.776963623046875000e+03
2.775767578125000000e+03
2.774325683593750000e+03
2.772641357421875000e+03
2.770717773437500000e+03
2.768557861328125000e+03
2.766165039062500000e+03
2.763542236328125000e+03
2.760692626953125000e+03
2.757619873046875000e+03
2.754326171875000000e+03
2.750815673828125000e+03
2.747090820312500000e+03
2.743155029296875000e+03
2.739011718750000000e+03
2.734663330078125000e+03
2.730113769531250000e+03
2.725366210937500000e+03
2.720423095703125000e+03
2.715288085937500000e+03
2.709964355468750000e+03
2.704454833984375000e+03
2.698762939453125000e+03
2.692891601562500000e+03
2.686844238281250000e+03
2.680623535156250000e+03
2.674233154296875000e+03
2.667676025390625000e+03
2.660955566406250000e+03
2.654074462890625000e+03
2.647036132812500000e+03
2.639843750000000000e+03
2.632500488281250000e+03
2.625009521484375000e+03
2.617373779296875000e+03
2.609596679687500000e+03
2.601681396484375000e+03
2.593630859375000000e+03
2.585448486328125000e+03
2.577137207031250000e+03
2.568700195312500000e+03
2.560140869140625000e+03
2.551461914062500000e+03
2.542667236328125000e+03
2.533759277343750000e+03
2.524741455078125000e+03
2.515617187500000000e+03
2.506391113281250000e+03
2.497068115234375000e+03
2.487653076171875000e+03
2.478150634765625000e+03
2.468566406250000000e+03
2.458904296875000000e+03
2.449169677734375000e+03
2.439367431640625000e+03
2.429502441406250000e+03
2.419579345703125000e+03
2.409603271484375000e+03
2.399579101562500000e+03
2.389511474609375000e+03
2.379405517578125000e+03
2.369265869140625000e+03
2.359097900390625000e+03
2.348905761718750000e+03
2.338694824218750000e+03
2.328469726562500000e+03
2.318235595703125000e+03
2.307997314453125000e+03
2.297759521484375000e+03
2.287527099609375000e+03
2.277305175781250000e+03
2.267098144531250000e+03
2.256911376953125000e+03
2.246749511718750000e+03
2.236617675781250000e+03
2.226520507812500000e+03
2.216462890625000000e+03
2.206449707031250000e+03
2.196485839843750000e+03
2.186576171875000000e+03
2.176725830078125000e+03
2.166939208984375000e+03
2.157221679687500000e+03
2.147577636718750000e+03
2.138012451171875000e+03
2.128530517578125000e+03
2.119136962890625000e+03
2.109836914062500000e+03
2.100634765625000000e+03
2.091535644531250000e+03
2.082544433593750000e+03
2.073665771484375000e+03
2.064904785156250000e+03
2.056266601562500000e+03
2.047755493164062500e+03
2.039376586914062500e+03
2.031134399414062500e+03
2.023030883789062500e+03
2.015067871093750000e+03
2.007246704101562500e+03
1.999568847656250000e+03
1.992036254882812500e+03
1.984650512695312500e+03
1.977412963867187500e+03
1.970325317382812500e+03
1.963389282226562500e+03
1.956606445312500000e+03
1.949978271484375000e+03
1.943506469726562500e+03
1.937192382812500000e+03
1.931037963867187500e+03
1.925044799804687500e+03
1.919214233398437500e+03
1.913547973632812500e+03
1.908047729492187500e+03
1.902715087890625000e+03
1.897551513671875000e+03
1.892558715820312500e+03
1.887738037109375000e+03
1.883091552734375000e+03
1.878620361328125000e+03
1.874326660156250000e+03
1.870211425781250000e+03
1.866276733398437500e+03
1.862523681640625000e+03
1.858954467773437500e+03
1.855570190429687500e+03
1.852372680664062500e+03
1.849363647460937500e+03
1.846544555664062500e+03
1.843916870117187500e+03
1.841482421875000000e+03
1.839242675781250000e+03
1.837199340820312500e+03
1.835353759765625000e+03
1.833707885742187500e+03
1.832263305664062500e+03
1.831021240234375000e+03
1.829983520507812500e+03
1.829151977539062500e+03
1.828527832031250000e+03
1.828112792968750000e+03
1.827908447265625000e+03
1.827916625976562500e+03
1.828138549804687500e+03
1.828576293945312500e+03
1.829230346679687500e+03
1.830098632812500000e+03
1.831178833007812500e+03
1.832467651367187500e+03
1.833962646484375000e+03
1.835660888671875000e+03
1.837559692382812500e+03
1.839656250000000000e+03
1.841947998046875000e+03
1.844431640625000000e+03
1.847105102539062500e+03
1.849965087890625000e+03
1.853008911132812500e+03
1.856234130859375000e+03
1.859637817382812500e+03
1.863216918945312500e+03
1.866968872070312500e+03
1.870890991210937500e+03
1.874980468750000000e+03
1.879234375000000000e+03
1.883650390625000000e+03
1.888225097656250000e+03
1.892956176757812500e+03
1.897840698242187500e+03
1.902875976562500000e+03
1.908059326171875000e+03
1.913387695312500000e+03
1.918858642578125000e+03
1.924468872070312500e+03
1.930216430664062500e+03
1.936097778320312500e+03
1.942110717773437500e+03
1.948252075195312500e+03
1.954519409179687500e+03
1.960909545898437500e+03
1.967419921875000000e+03
1.974047973632812500e+03
1.980790771484375000e+03
1.987645507812500000e+03
1.994609497070312500e+03
2.001679809570312500e+03
2.008853759765625000e+03
2.016128662109375000e+03
2.023501831054687500e+03
2.030970092773437500e+03
2.038531127929687500e+03
2.046181884765625000e+03
2.053919677734375000e+03
2.061741943359375000e+03
2.069645751953125000e+03
2.077627685546875000e+03
2.085684326171875000e+03
2.093811767578125000e+03
2.102004882812500000e+03
2.110260253906250000e+03
2.118573486328125000e+03
2.126940185546875000e+03
2.135356689453125000e+03
2.143818359375000000e+03
2.152320800781250000e+03
2.160860351562500000e+03
2.169432861328125000e+03
2.178033691406250000e+03
2.186658935546875000e+03
2.195304443359375000e+03
2.203966064453125000e+03
2.212639160156250000e+03
2.221320312500000000e+03
2.230004638671875000e+03
2.238687988281250000e+03
2.247366943359375000e+03
2.256036621093750000e+03
2.264692871093750000e+03
2.273331787109375000e+03
2.281948974609375000e+03
2.290540527343750000e+03
2.299101806640625000e+03
2.307629150390625000e+03
2.316117919921875000e+03
2.324564208984375000e+03
2.332963623046875000e+03
2.341312255859375000e+03
2.349605712890625000e+03
2.357840087890625000e+03
2.366010498046875000e+03
2.374113769531250000e+03
2.382145019531250000e+03
2.390100097656250000e+03
2.397975097656250000e+03
2.405765625000000000e+03
2.413467773437500000e+03
2.421077148437500000e+03
2.428589355468750000e+03
2.436000488281250000e+03
2.443306640625000000e+03
2.450502929687500000e+03
2.457585449218750000e+03
2.464550537109375000e+03
2.471393310546875000e+03
2.478109863281250000e+03
2.484696533203125000e+03
2.491150878906250000e+03
2.497471191406250000e+03
2.503655761718750000e+03
2.509702636718750000e+03
2.515609863281250000e+03
2.521375976562500000e+03
2.526998779296875000e+03
2.532477050781250000e+03
2.537808105468750000e+03
2.542990966796875000e+03
2.548023681640625000e+03
2.552903808593750000e+03
2.557630126953125000e+03
2.562200439453125000e+03
2.566613281250000000e+03
2.570866699218750000e+03
2.574958984375000000e+03
2.578888183593750000e+03
2.582652343750000000e+03
2.586250000000000000e+03
2.589679199218750000e+03
2.592937988281250000e+03
2.596024658203125000e+03
2.598937255859375000e+03
2.601674316406250000e+03
2.604233642578125000e+03
2.606613769531250000e+03
2.608812500000000000e+03
2.610828369140625000e+03
2.612659667968750000e+03
2.614303955078125000e+03
2.615760009765625000e+03
2.617025634765625000e+03
2.618099365234375000e+03
2.618979003906250000e+03
2.619663085937500000e+03
2.620149658203125000e+03
2.620437011718750000e+03
2.620522949218750000e+03
2.620406005859375000e+03
2.620084472656250000e+03
2.619556396484375000e+03
2.618819824218750000e+03
2.617872802734375000e+03
2.616714111328125000e+03
2.615341552734375000e+03
2.613753173828125000e+03
2.611947509765625000e+03
2.609922363281250000e+03
2.607677001953125000e+03
2.605212402343750000e+03
2.602530761718750000e+03
2.599634521484375000e+03
2.596525634765625000e+03
2.593205810546875000e+03
2.589677734375000000e+03
2.585942871093750000e+03
2.582003662109375000e+03
2.577862060546875000e+03
2.573520019531250000e+03
2.568980224609375000e+03
2.564244140625000000e+03
2.559313964843750000e+03
2.554191894531250000e+03
2.548879638671875000e+03
2.543380126953125000e+03
2.537694824218750000e+03
2.531825683593750000e+03
2.525775146484375000e+03
2.519545166015625000e+03
2.513137695312500000e+03
2.506555175781250000e+03
2.499799316406250000e+03
2.492872314453125000e+03
2.485776367187500000e+03
2.478513427734375000e+03
2.471085449218750000e+03
2.463494873046875000e+03
2.455743652343750000e+03
2.447833740234375000e+03
2.439767333984375000e+03
2.431546386718750000e+03
2.423173095703125000e+03
2.414649658203125000e+03
2.405977783203125000e+03
2.397159667968750000e+03
2.388197753906250000e+03
2.379093994140625000e+03
2.369850097656250000e+03
2.360468261718750000e+03
2.350951171875000000e+03
2.341300048828125000e+03
2.331517578125000000e+03
2.321605712890625000e+03
2.311566162109375000e+03
2.301401367187500000e+03
2.291113525390625000e+03
2.280704589843750000e+03
2.270176269531250000e+03
2.259531494140625000e+03
2.248773193359375000e+03
2.237904785156250000e+03
2.226929687500000000e+03
2.215851806640625000e+03
2.204674072265625000e+03
2.193400146484375000e+03
2.182033691406250000e+03
2.170578125000000000e+03
2.159036865234375000e+03
2.147413330078125000e+03
2.135710693359375000e+03
2.123933105468750000e+03
2.112083496093750000e+03
2.100165771484375000e+03
2.088182861328125000e+03
2.076138916015625000e+03
2.064036865234375000e+03
2.051880371093750000e+03
2.039672973632812500e+03
2.027417968750000000e+03
2.015119018554687500e+03
2.002779418945312500e+03
1.990402709960937500e+03
1.977992309570312500e+03
1.965551879882812500e+03
1.953084838867187500e+03
1.940594482421875000e+03
1.928084594726562500e+03
1.915558349609375000e+03
1.903019287109375000e+03
1.890470947265625000e+03
1.877916870117187500e+03
1.865360351562500000e+03
1.852804931640625000e+03
1.840254150390625000e+03
1.827711425781250000e+03
1.815180297851562500e+03
1.802664062500000000e+03
1.790166503906250000e+03
1.777690795898437500e+03
1.765240478515625000e+03
1.752819213867187500e+03
1.740430297851562500e+03
1.728077148437500000e+03
1.715763305664062500e+03
1.703492431640625000e+03
1.691267700195312500e+03
1.679092773437500000e+03
1.666971069335937500e+03
1.654905761718750000e+03
1.642899169921875000e+03
1.630953491210937500e+03
1.619070556640625000e+03
1.607252197265625000e+03
1.595500854492187500e+03
1.583818481445312500e+03
1.572206909179687500e+03
1.560668212890625000e+03
1.549204467773437500e+03
1.537817871093750000e+03
1.526510009765625000e+03
1.515283447265625000e+03
1.504139770507812500e+03
1.493081176757812500e+03
1.482109741210937500e+03
1.471227416992187500e+03
1.460436401367187500e+03
1.449738525390625000e+03
1.439135742187500000e+03
1.428630493164062500e+03
1.418224243164062500e+03
1.407919433593750000e+03
1.397717895507812500e+03
1.387621948242187500e+03
1.377633178710937500e+03
1.367753906250000000e+03
1.357985961914062500e+03
1.348331665039062500e+03
1.338792846679687500e+03
1.329371582031250000e+03
1.320069824218750000e+03
1.310889648437500000e+03
1.301833129882812500e+03
1.292902343750000000e+03
1.284099121093750000e+03
1.275425659179687500e+03
1.266883789062500000e+03
1.258475830078125000e+03
1.250203613281250000e+03
1.242069213867187500e+03
1.234074707031250000e+03
1.226222045898437500e+03
1.218513305664062500e+03
1.210950439453125000e+03
1.203535522460937500e+03
1.196270629882812500e+03
1.189157714843750000e+03
1.182198852539062500e+03
1.175396118164062500e+03
1.168750976562500000e+03
1.162263061523437500e+03
1.155932006835937500e+03
1.149756835937500000e+03
1.143736572265625000e+03
1.137871093750000000e+03
1.132159057617187500e+03
1.126600097656250000e+03
1.121193481445312500e+03
1.115938110351562500e+03
1.110833618164062500e+03
1.105879394531250000e+03
1.101074218750000000e+03
1.096417724609375000e+03
1.091909057617187500e+03
1.087547607421875000e+03
1.083332275390625000e+03
1.079262817382812500e+03
1.075338256835937500e+03
1.071557861328125000e+03
1.067921020507812500e+03
1.064426757812500000e+03
1.061074462890625000e+03
1.057863525390625000e+03
1.054793090820312500e+03
1.051862548828125000e+03
1.049070922851562500e+03
1.046417724609375000e+03
1.043902099609375000e+03
1.041523315429687500e+03
1.039280761718750000e+03
1.037173461914062500e+03
1.035200927734375000e+03
1.033362182617187500e+03
1.031656982421875000e+03
1.030083984375000000e+03
1.028642822265625000e+03
1.027332641601562500e+03
1.026152709960937500e+03
1.025102416992187500e+03
1.024180908203125000e+03
1.023387451171875000e+03
1.022721374511718750e+03
1.022181884765625000e+03
1.021768371582031250e+03
1.021479919433593750e+03
1.021315917968750000e+03
1.021275634765625000e+03
1.021358337402343750e+03
1.021563232421875000e+03
1.021889343261718750e+03
1.022334533691406250e+03
1.022896362304687500e+03
1.023572448730468750e+03
1.024360229492187500e+03
1.025257446289062500e+03
1.026261718750000000e+03
1.027370361328125000e+03
1.028581176757812500e+03
1.029891601562500000e+03
1.031299316406250000e+03
1.032801757812500000e+03
1.034396606445312500e+03
1.036081542968750000e+03
1.037853881835937500e+03
1.039711425781250000e+03
1.041651611328125000e+03
1.043671997070312500e+03
1.045770263671875000e+03
1.047943969726562500e+03
1.050190673828125000e+03
1.052507934570312500e+03
1.054893188476562500e+03
1.057344360351562500e+03
1.059858764648437500e+03
1.062433959960937500e+03
1.065067626953125000e+03
1.067757202148437500e+03
1.070500366210937500e+03
1.073294799804687500e+03
1.076137817382812500e+03
1.079027221679687500e+03
1.081960571289062500e+03
1.084935302734375000e+03
1.087948974609375000e+03
1.090999389648437500e+03
1.094083984375000000e+03
1.097200195312500000e+03
1.100345825195312500e+03
1.103518188476562500e+03
1.106715332031250000e+03
1.109934204101562500e+03
1.113172851562500000e+03
1.116428710937500000e+03
1.119699340820312500e+03
1.122982177734375000e+03
1.126275024414062500e+03
1.129575439453125000e+03
1.132880737304687500e+03
1.136188842773437500e+03
1.139497192382812500e+03
1.142804077148437500e+03
1.146107543945312500e+03
1.149406005859375000e+03
1.152697875976562500e+03
1.155981079101562500e+03
1.159254028320312500e+03
1.162515014648437500e+03
1.165762084960937500e+03
1.168993774414062500e+03
1.172208251953125000e+03
1.175403686523437500e+03
1.178578369140625000e+03
1.181730468750000000e+03
1.184858398437500000e+03
1.187960327148437500e+03
1.191034545898437500e+03
1.194079345703125000e+03
1.197092773437500000e+03
1.200073364257812500e+03
1.203019042968750000e+03
1.205928466796875000e+03
1.208799560546875000e+03
1.211630737304687500e+03
1.214420288085937500e+03
1.217166259765625000e+03
1.219866943359375000e+03
1.222520751953125000e+03
1.225125976562500000e+03
1.227680664062500000e+03
1.230183105468750000e+03
1.232631713867187500e+03
1.235024536132812500e+03
1.237360107421875000e+03
1.239636230468750000e+03
1.241851684570312500e+03
1.244004394531250000e+03
1.246092529296875000e+03
1.248114624023437500e+03
1.250068847656250000e+03
1.251953369140625000e+03
1.253766601562500000e+03
1.255506469726562500e+03
1.257171508789062500e+03
1.258760009765625000e+03
1.260270019531250000e+03
1.261699951171875000e+03
1.263047973632812500e+03
1.264312255859375000e+03
1.265491333007812500e+03
1.266583496093750000e+03
1.267588745117187500e+03
1.268507202148437500e+03
1.269339111328125000e+03
1.270084472656250000e+03
1.270743530273437500e+03
1.271316650390625000e+03
1.271803833007812500e+03
1.272205322265625000e+03
1.272521118164062500e+03
1.272751586914062500e+03
1.272896728515625000e+03
1.272957031250000000e+03
1.272932250976562500e+03
1.272822875976562500e+03
1.272628906250000000e+03
1.272350708007812500e+03
1.271988159179687500e+03
1.271541748046875000e+03
1.271011474609375000e+03
1.270397460937500000e+03
1.269700073242187500e+03
1.268919311523437500e+03
1.268055419921875000e+03
1.267108398437500000e+03
1.266078857421875000e+03
1.264966552734375000e+03
1.263771728515625000e+03
1.262494750976562500e+03
1.261135498046875000e+03
1.259694580078125000e+03
1.258171630859375000e+03
1.256567260742187500e+03
1.254881469726562500e+03
1.253114379882812500e+03
1.251266235351562500e+03
1.249337280273437500e+03
1.247327514648437500e+03
1.245237182617187500e+03
1.243066650390625000e+03
1.240815795898437500e+03
1.238484863281250000e+03
1.236074096679687500e+03
1.233583740234375000e+03
1.231013793945312500e+03
1.228364501953125000e+03
1.225636108398437500e+03
1.222828735351562500e+03
1.219942504882812500e+03
1.216977661132812500e+03
1.213934570312500000e+03
1.210814453125000000e+03
1.207619140625000000e+03
1.204349853515625000e+03
1.201008178710937500e+03
1.197595825195312500e+03
1.194114257812500000e+03
1.190564941406250000e+03
1.186949462890625000e+03
1.183269287109375000e+03
1.179526000976562500e+03
1.175721191406250000e+03
1.171856445312500000e+03
1.167933105468750000e+03
1.163952880859375000e+03
1.159917114257812500e+03
1.155827514648437500e+03
1.151685668945312500e+03
1.147492919921875000e+03
1.143250976562500000e+03
1.138961303710937500e+03
1.134625488281250000e+03
1.130244873046875000e+03
1.125821166992187500e+03
1.121355957031250000e+03
1.116850585937500000e+03
1.112306884765625000e+03
1.107726074218750000e+03
1.103109863281250000e+03
1.098459716796875000e+03
1.093777221679687500e+03
1.089063964843750000e+03
1.084321289062500000e+03
1.079551025390625000e+03
1.074754516601562500e+03
1.069933227539062500e+03
1.065088867187500000e+03
1.060222900390625000e+03
1.055336914062500000e+03
1.050432250976562500e+03
1.045510742187500000e+03
1.040573730468750000e+03
1.035622802734375000e+03
1.030659423828125000e+03
1.025685302734375000e+03
1.020701843261718750e+03
1.015710571289062500e+03
1.010713134765625000e+03
1.005710937500000000e+03
1.000705688476562500e+03
9.956986083984375000e+02
9.906914062500000000e+02
9.856850585937500000e+02
9.806811523437500000e+02
9.756809082031250000e+02
9.706855468750000000e+02
9.656966552734375000e+02
9.607152709960937500e+02
9.557429199218750000e+02
9.507807617187500000e+02
9.458302001953125000e+02
9.408925781250000000e+02
9.359692993164062500e+02
9.310614624023437500e+02
9.261705322265625000e+02
9.212977905273437500e+02
9.164446411132812500e+02
9.116123046875000000e+02
9.068021240234375000e+02
9.020155029296875000e+02
8.972536010742187500e+02
8.925178833007812500e+02
8.878096313476562500e+02
8.831301269531250000e+02
8.784808349609375000e+02
8.738627929687500000e+02
8.692776489257812500e+02
8.647265014648437500e+02
8.602107543945312500e+02
8.557317504882812500e+02
8.512907714843750000e+02
8.468891601562500000e+02
8.425281372070312500e+02
8.382092285156250000e+02
8.339335937500000000e+02
8.297026367187500000e+02
8.255176391601562500e+02
8.213798828125000000e+02
8.172907714843750000e+02
8.132515869140625000e+02
8.092636718750000000e+02
8.053283691406250000e+02
8.014468994140625000e+02
7.976206665039062500e+02
7.938509521484375000e+02
7.901391601562500000e+02
7.864865112304687500e+02
7.828944091796875000e+02
7.793641357421875000e+02
7.758970336914062500e+02
7.724941406250000000e+02
7.691557617187500000e+02
7.658818969726562500e+02
7.626724853515625000e+02
7.595276489257812500e+02
7.564473876953125000e+02
7.534316406250000000e+02
7.504804687500000000e+02
7.475939331054687500e+02
7.447719726562500000e+02
7.420146484375000000e+02
7.393218994140625000e+02
7.366938476562500000e+02
7.341304321289062500e+02
7.316317138671875000e+02
7.291976318359375000e+02
7.268283081054687500e+02
7.245236816406250000e+02
7.222838134765625000e+02
7.201086425781250000e+02
7.179981689453125000e+02
7.159526367187500000e+02
7.139717407226562500e+02
7.120557250976562500e+02
7.102044677734375000e+02
7.084180908203125000e+02
7.066965332031250000e+02
7.050398559570312500e+02
7.034479980468750000e+02
7.019210815429687500e+02
7.004589843750000000e+02
6.990618896484375000e+02
6.977296752929687500e+02
6.964624023437500000e+02
6.952600708007812500e+02
6.941227416992187500e+02
6.930504150390625000e+02
6.920430908203125000e+02
6.911007080078125000e+02
6.902233886718750000e+02
6.894111328125000000e+02
6.886639404296875000e+02
6.879817504882812500e+02
6.873646850585937500e+02
6.868126831054687500e+02
6.863258056640625000e+02
6.859040527343750000e+02
6.855474853515625000e+02
6.852561035156250000e+02
6.850297851562500000e+02
6.848685302734375000e+02
6.847713012695312500e+02
6.847371826171875000e+02
6.847650146484375000e+02
6.848537597656250000e+02
6.850022583007812500e+02
6.852095947265625000e+02
6.854745483398437500e+02
6.857960815429687500e+02
6.861732177734375000e+02
6.866047973632812500e+02
6.870896606445312500e+02
6.876268920898437500e+02
6.882153930664062500e+02
6.888540649414062500e+02
6.895418090820312500e+02
6.902775878906250000e+02
6.910603637695312500e+02
6.918889160156250000e+02
6.927622680664062500e+02
6.936794433593750000e+02
6.946392211914062500e+02
6.956406250000000000e+02
6.966824951171875000e+02
6.977637939453125000e+02
6.988835449218750000e+02
7.000405273437500000e+02
7.012337646484375000e+02
7.024621582031250000e+02
7.037246093750000000e+02
7.050200195312500000e+02
7.063474731445312500e+02
7.077057495117187500e+02
7.090938110351562500e+02
7.105105590820312500e+02
7.119549560546875000e+02
7.134259643554687500e+02
7.149224243164062500e+02
7.164432983398437500e+02
7.179875488281250000e+02
7.195541381835937500e+02
7.211419067382812500e+02
7.227497558593750000e+02
7.243767089843750000e+02
7.260217285156250000e+02
7.276835327148437500e+02
7.293612670898437500e+02
7.310537719726562500e+02
7.327600097656250000e+02
7.344788208007812500e+02
7.362091674804687500e+02
7.379500122070312500e+02
7.397003173828125000e+02
7.414588012695312500e+02
7.432246093750000000e+02
7.449965209960937500e+02
7.467735595703125000e+02
7.485545043945312500e+02
7.503383789062500000e+02
7.521240234375000000e+02
7.539104614257812500e+02
7.556964721679687500e+02
7.574810791015625000e+02
7.592631835937500000e+02
7.610416259765625000e+02
7.628154907226562500e+02
7.645834960937500000e+02
7.663447265625000000e+02
7.680979614257812500e+02
7.698422241210937500e+02
7.715763549804687500e+02
7.732993164062500000e+02
7.750099487304687500e+02
7.767073364257812500e+02
7.783901977539062500e+02
7.800576171875000000e+02
7.817084350585937500e+02
7.833415527343750000e+02
7.849559936523437500e+02
7.865504760742187500e+02
7.881240844726562500e+02
7.896757202148437500e+02
7.912041625976562500e+02
7.927084960937500000e+02
7.941875610351562500e+02
7.956402587890625000e+02
7.970656127929687500e+02
7.984623413085937500e+02
7.998295288085937500e+02
8.011660766601562500e+02
8.024708862304687500e+02
8.037427978515625000e+02
8.049808349609375000e+02
8.061838378906250000e+02
8.073507690429687500e+02
8.084805297851562500e+02
8.095720214843750000e+02
8.106242065429687500e+02
8.116359863281250000e+02
8.126062622070312500e+02
8.135340576171875000e+02
8.144190673828125000e+02
8.152611083984375000e+02
8.160598754882812500e+02
8.168152465820312500e+02
8.175269775390625000e+02
8.181948242187500000e+02
8.188185424804687500e+02
8.193980712890625000e+02
8.199330444335937500e+02
8.204234008789062500e+02
8.208687133789062500e+02
8.212689208984375000e+02
8.216237792968750000e+02
8.219331054687500000e+02
8.221966552734375000e+02
8.224141845703125000e+02
8.225855102539062500e+02
8.227104492187500000e+02
8.227887573242187500e+02
8.228201904296875000e+02
8.228045654296875000e+02
8.227417602539062500e+02
8.226314086914062500e+02
8.224733276367187500e+02
8.222673950195312500e+02
8.220133666992187500e+02
8.217109375000000000e+02
8.213599853515625000e+02
8.209603271484375000e+02
8.205116577148437500e+02
8.200137939453125000e+02
8.194665527343750000e+02
8.188697509765625000e+02
8.182230834960937500e+02
8.175263061523437500e+02
8.167793579101562500e+02
8.159819335937500000e+02
8.151339111328125000e+02
8.142349243164062500e+02
8.132848510742187500e+02
8.122834472656250000e+02
8.112305908203125000e+02
8.101259155273437500e+02
8.089692993164062500e+02
8.077605590820312500e+02
8.064993896484375000e+02
8.051857299804687500e+02
8.038191528320312500e+02
8.023996582031250000e+02
8.009270019531250000e+02
7.994018554687500000e+02
7.978248291015625000e+02
7.961965942382812500e+02
7.945178222656250000e+02
7.927891845703125000e+02
7.910114746093750000e+02
7.891852416992187500e+02
7.873112182617187500e+02
7.853900146484375000e+02
7.834224243164062500e+02
7.814089965820312500e+02
7.793504638671875000e+02
7.772476196289062500e+02
7.751009521484375000e+02
7.729112548828125000e+02
7.706791381835937500e+02
7.684053344726562500e+02
7.660905761718750000e+02
7.637353515625000000e+02
7.613405151367187500e+02
7.589066772460937500e+02
7.564345092773437500e+02
7.539246826171875000e+02
7.513779296875000000e+02
7.487948608398437500e+02
7.461762084960937500e+02
7.435225830078125000e+02
7.408347778320312500e+02
7.381133422851562500e+02
7.353590698242187500e+02
7.325725708007812500e+02
7.297544555664062500e+02
7.269055786132812500e+02
7.240264282226562500e+02
7.211177978515625000e+02
7.181803588867187500e+02
7.152147216796875000e+02
7.122216796875000000e+02
7.092017822265625000e+02
7.061557617187500000e+02
7.030843505859375000e+02
6.999881591796875000e+02
6.968679199218750000e+02
6.937242431640625000e+02
6.905578002929687500e+02
6.873693237304687500e+02
6.841594848632812500e+02
6.809288940429687500e+02
6.776784057617187500e+02
6.744085083007812500e+02
6.711201782226562500e+02
6.678141479492187500e+02
6.644914550781250000e+02
6.611528320312500000e+02
6.577991943359375000e+02
6.544313354492187500e+02
6.510502319335937500e+02
6.476566772460937500e+02
6.442514648437500000e+02
6.408355712890625000e+02
6.374097900390625000e+02
6.339750366210937500e+02
6.305321044921875000e+02
6.270819702148437500e+02
6.236253662109375000e+02
6.201632080078125000e+02
6.166963500976562500e+02
6.132257080078125000e+02
6.097520751953125000e+02
6.062763061523437500e+02
6.027992553710937500e+02
5.993218994140625000e+02
5.958449707031250000e+02
5.923693847656250000e+02
5.888959960937500000e+02
5.854256591796875000e+02
5.819592895507812500e+02
5.784976806640625000e+02
5.750417480468750000e+02
5.715922241210937500e+02
5.681501464843750000e+02
5.647163085937500000e+02
5.612915039062500000e+02
5.578767089843750000e+02
5.544727172851562500e+02
5.510803833007812500e+02
5.477006225585937500e+02
5.443342285156250000e+02
5.409821166992187500e+02
5.376451416015625000e+02
5.343240966796875000e+02
5.310198974609375000e+02
5.277334594726562500e+02
5.244655761718750000e+02
5.212171020507812500e+02
5.179889526367187500e+02
5.147819213867187500e+02
5.115969543457031250e+02
5.084348144531250000e+02
5.052963256835937500e+02
5.021819458007812500e+02
4.990920104980468750e+02
4.960267333984375000e+02
4.929866027832031250e+02
4.899718933105468750e+02
4.869829101562500000e+02
4.840200500488281250e+02
4.810836181640625000e+02
4.781739196777343750e+02
4.752913208007812500e+02
4.724361877441406250e+02
4.696088562011718750e+02
4.668096313476562500e+02
4.640387878417968750e+02
4.612967834472656250e+02
4.585838928222656250e+02
4.559004516601562500e+02
4.532468261718750000e+02
4.506233215332031250e+02
4.480303039550781250e+02
4.454680480957031250e+02
4.429369506835937500e+02
4.404373168945312500e+02
4.379695129394531250e+02
4.355338745117187500e+02
4.331306762695312500e+02
4.307603454589843750e+02
4.284231262207031250e+02
4.261194152832031250e+02
4.238495483398437500e+02
4.216138610839843750e+02
4.194126586914062500e+02
4.172462768554687500e+02
4.151151123046875000e+02
4.130194396972656250e+02
4.109596252441406250e+02
4.089359741210937500e+02
4.069488525390625000e+02
4.049986267089843750e+02
4.030855407714843750e+02
4.012099914550781250e+02
3.993723449707031250e+02
3.975728759765625000e+02
3.958119506835937500e+02
3.940899047851562500e+02
3.924070739746093750e+02
3.907637939453125000e+02
3.891604003906250000e+02
3.875972290039062500e+02
3.860744934082031250e+02
3.845920104980468750e+02
3.831494140625000000e+02
3.817463989257812500e+02
3.803825683593750000e+02
3.790577087402343750e+02
3.777714233398437500e+02
3.765233764648437500e+02
3.753132629394531250e+02
3.741407165527343750e+02
3.730054626464843750e+02
3.719071350097656250e+02
3.708453979492187500e+02
3.698199462890625000e+02
3.688304443359375000e+02
3.678765869140625000e+02
3.669579772949218750e+02
3.660743103027343750e+02
3.652253112792968750e+02
3.644105834960937500e+02
3.636298522949218750e+02
3.628827514648437500e+02
3.621689453125000000e+02
3.614881591796875000e+02
3.608399658203125000e+02
3.602241516113281250e+02
3.596402893066406250e+02
3.590881347656250000e+02
3.585672607421875000e+02
3.580774230957031250e+02
3.576182556152343750e+02
3.571894226074218750e+02
3.567906188964843750e+02
3.564214782714843750e+02
3.560817260742187500e+02
3.557709960937500000e+02
3.554889526367187500e+02
3.552352905273437500e+02
3.550096435546875000e+02
3.548117065429687500e+02
3.546412048339843750e+02
3.544977111816406250e+02
3.543809204101562500e+02
3.542905578613281250e+02
3.542262573242187500e+02
3.541876831054687500e+02
3.541744995117187500e+02
3.541863708496093750e+02
3.542230224609375000e+02
3.542840881347656250e+02
3.543692016601562500e+02
3.544777832031250000e+02
3.546093139648437500e+02
3.547631225585937500e+02
3.549386901855468750e+02
3.551354064941406250e+02
3.553526611328125000e+02
3.555899047851562500e+02
3.558464965820312500e+02
3.561218872070312500e+02
3.564154968261718750e+02
3.567267150878906250e+02
3.570549621582031250e+02
3.573996582031250000e+02
3.577601928710937500e+02
3.581359863281250000e+02
3.585264282226562500e+02
3.589309692382812500e+02
3.593490295410156250e+02
3.597799682617187500e+02
3.602232360839843750e+02
3.606782531738281250e+02
3.611443786621093750e+02
3.616210937500000000e+02
3.621077270507812500e+02
3.626037902832031250e+02
3.631086120605468750e+02
3.636216430664062500e+02
3.641422729492187500e+02
3.646699218750000000e+02
3.652040710449218750e+02
3.657440185546875000e+02
3.662891845703125000e+02
3.668390808105468750e+02
3.673930358886718750e+02
3.679505004882812500e+02
3.685108642578125000e+02
3.690735168457031250e+02
3.696379394531250000e+02
3.702034606933593750e+02
3.707695617675781250e+02
3.713356018066406250e+02
3.719010620117187500e+02
3.724653015136718750e+02
3.730277099609375000e+02
3.735877380371093750e+02
3.741448059082031250e+02
3.746982727050781250e+02
3.752476196289062500e+02
3.757922058105468750e+02
3.763315124511718750e+02
3.768651428222656250e+02
3.773927917480468750e+02
3.779140930175781250e+02
3.784287719726562500e+02
3.789364624023437500e+02
3.794368286132812500e+02
3.799295654296875000e+02
3.804143066406250000e+02
3.808907775878906250e+02
3.813585815429687500e+02
3.818174133300781250e+02
3.822669372558593750e+02
3.827068481445312500e+02
3.831368408203125000e+02
3.835564880371093750e+02
3.839655456542968750e+02
3.843636474609375000e+02
3.847504882812500000e+02
3.851256713867187500e+02
3.854889526367187500e+02
3.858399353027343750e+02
3.861783447265625000e+02
3.865038146972656250e+02
3.868160095214843750e+02
3.871146240234375000e+02
3.873992919921875000e+02
3.876697387695312500e+02
3.879255676269531250e+02
3.881665039062500000e+02
3.883921813964843750e+02
3.886022949218750000e+02
3.887964782714843750e+02
3.889744567871093750e+02
3.891358337402343750e+02
3.892803344726562500e+02
3.894075927734375000e+02
3.895173034667968750e+02
3.896091308593750000e+02
3.896827087402343750e+02
3.897377624511718750e+02
3.897739257812500000e+02
3.897908630371093750e+02
3.897882690429687500e+02
3.897658081054687500e+02
3.897231445312500000e+02
3.896599731445312500e+02
3.895758972167968750e+02
3.894706420898437500e+02
3.893438415527343750e+02
3.891952819824218750e+02
3.890249938964843750e+02
3.888331298828125000e+02
3.886198120117187500e+02
3.883851623535156250e+02
3.881293640136718750e+02
3.878525390625000000e+02
3.875547790527343750e+02
3.872362365722656250e+02
3.868970642089843750e+02
3.865373840332031250e+02
3.861573486328125000e+02
3.857570800781250000e+02
3.853367004394531250e+02
3.848963928222656250e+02
3.844362182617187500e+02
3.839563903808593750e+02
3.834570007324218750e+02
3.829381713867187500e+02
3.824000854492187500e+02
3.818428344726562500e+02
3.812666015625000000e+02
3.806714782714843750e+02
3.800575866699218750e+02
3.794251098632812500e+02
3.787741394042968750e+02
3.781048583984375000e+02
3.774173583984375000e+02
3.767118225097656250e+02
3.759883422851562500e+02
3.752470397949218750e+02
3.744880981445312500e+02
3.737116394042968750e+02
3.729177856445312500e+02
3.721066894531250000e+02
3.712784729003906250e+02
3.704332885742187500e+02
3.695712280273437500e+02
3.686925048828125000e+02
3.677971801757812500e+02
3.668854064941406250e+02
3.659573059082031250e+02
3.650130615234375000e+02
3.640527648925781250e+02
3.630765991210937500e+02
3.620846557617187500e+02
3.610770874023437500e+02
3.600540161132812500e+02
3.590155944824218750e+02
3.579619445800781250e+02
3.568932800292968750e+02
3.558098449707031250e+02
3.547120056152343750e+02
3.536000976562500000e+02
3.524745178222656250e+02
3.513355712890625000e+02
3.501835937500000000e+02
3.490189819335937500e+02
3.478420104980468750e+02
3.466530761718750000e+02
3.454524841308593750e+02
3.442406311035156250e+02
3.430178222656250000e+02
3.417843933105468750e+02
3.405407409667968750e+02
3.392871704101562500e+02
3.380240173339843750e+02
3.367516784667968750e+02
3.354704284667968750e+02
3.341806640625000000e+02
3.328827209472656250e+02
3.315769348144531250e+02
3.302636413574218750e+02
3.289432067871093750e+02
3.276159667968750000e+02
3.262822570800781250e+02
3.249424743652343750e+02
3.235968933105468750e+02
3.222459106445312500e+02
3.208898315429687500e+02
3.195290222167968750e+02
3.181638183593750000e+02
3.167945556640625000e+02
3.154216003417968750e+02
3.140453186035156250e+02
3.126660156250000000e+02
3.112840576171875000e+02
3.098997497558593750e+02
3.085135192871093750e+02
3.071256408691406250e+02
3.057364501953125000e+02
3.043463745117187500e+02
3.029556579589843750e+02
3.015647277832031250e+02
3.001738891601562500e+02
2.987835083007812500e+02
2.973938903808593750e+02
2.960054016113281250e+02
2.946184082031250000e+02
2.932332153320312500e+02
2.918502197265625000e+02
2.904697570800781250e+02
2.890921325683593750e+02
2.877176818847656250e+02
2.863468322753906250e+02
2.849798889160156250e+02
2.836171875000000000e+02
2.822591247558593750e+02
2.809059448242187500e+02
2.795581054687500000e+02
2.782159118652343750e+02
2.768796997070312500e+02
2.755498352050781250e+02
2.742266540527343750e+02
2.729104919433593750e+02
2.716017456054687500e+02
2.703007202148437500e+02
2.690077514648437500e+02
2.677232360839843750e+02
2.664474792480468750e+02
2.651808471679687500e+02
2.639236755371093750e+02
2.626763000488281250e+02
2.614391174316406250e+02
2.602124328613281250e+02
2.589966430664062500e+02
2.577919921875000000e+02
2.565989379882812500e+02
2.554177856445312500e+02
2.542488861083984375e+02
2.530925750732421875e+02
2.519492034912109375e+02
2.508191223144531250e+02
2.497026672363281250e+02
2.486002502441406250e+02
2.475121154785156250e+02
2.464386749267578125e+02
2.453802795410156250e+02
2.443372497558593750e+02
2.433099517822265625e+02
2.422987060546875000e+02
2.413038940429687500e+02
2.403258514404296875e+02
2.393649444580078125e+02
2.384214630126953125e+02
2.374958190917968750e+02
2.365883178710937500e+02
2.356993103027343750e+02
2.348291778564453125e+02
2.339782409667968750e+02
2.331467285156250000e+02
2.323343658447265625e+02
2.315407867431640625e+02
2.307655792236328125e+02
2.300083618164062500e+02
2.292687072753906250e+02
2.285462799072265625e+02
2.278406524658203125e+02
2.271514587402343750e+02
2.264782867431640625e+02
2.258207550048828125e+02
2.251784820556640625e+02
2.245510559082031250e+02
2.239380950927734375e+02
2.233392028808593750e+02
2.227540130615234375e+02
2.221820983886718750e+02
2.216230926513671875e+02
2.210765991210937500e+02
2.205422058105468750e+02
2.200195617675781250e+02
2.195082550048828125e+02
2.190078887939453125e+02
2.185180816650390625e+02
2.180384368896484375e+02
2.175685729980468750e+02
2.171081085205078125e+02
2.166565856933593750e+02
2.162136993408203125e+02
2.157790222167968750e+02
2.153521728515625000e+02
2.149327392578125000e+02
2.145203399658203125e+02
2.141145935058593750e+02
2.137151031494140625e+02
2.133214569091796875e+02
2.129333038330078125e+02
2.125502471923828125e+02
2.121718597412109375e+02
2.117977752685546875e+02
2.114276123046875000e+02
2.110609588623046875e+02
2.106974334716796875e+02
2.103366394042968750e+02
2.099781951904296875e+02
2.096217041015625000e+02
2.092667846679687500e+02
2.089130401611328125e+02
2.085600738525390625e+02
2.082074890136718750e+02
